,0,1,2,3,4,5,6,7,8,9,10,11,12,13,14,15,16,17,18,19,20,21,22,23,24,25,26,27,28,29,30,31,32,33,34,35,36,37,38,39,40,41,42,43,44,45,46,47,48,49,50,51,52,53,54,55,56,57,58,59,60,61,62,63,64,65,66,67,68,69,70,71,72,73,74,75,76,77,78,79,80,81,82,83,84,85,86,87,88,89,90,91,92,93,94,95,96,97,98,99,100
0,0.0,0.0,0.0,0.0,0.0,0.0,0.0,0.0,0.0,0.0,0.0,0.0,0.0,0.0,0.0,0.0,0.0,0.0,0.0,0.0,0.0,0.0,0.0,0.0,0.0,0.0,0.0,0.0,0.0,0.0,0.0,0.0,0.0,0.0,0.0,0.0,0.0,0.0,0.0,0.0,0.0,0.0,0.0,0.0,0.0,0.0,0.0,0.0,0.0,0.0,0.0,0.0,0.0,0.0,0.0,0.0,0.0,0.0,0.0,0.0,0.0,0.0,0.0,0.0,0.0,0.0,0.0,0.0,0.0,0.0,0.0,0.0,0.0,0.0,0.0,0.0,0.0,0.0,0.0,0.0,0.0,0.0,0.0,0.0,0.0,0.0,0.0,0.0,0.0,0.0,0.0,0.0,0.0,0.0,0.0,0.0,0.0,0.0,0.0,0.0,0.0
1,-3.1818337931903627e-07,-6.297497255195315e-07,-1.1406079788596587e-06,-1.8431711453637473e-06,-2.727005132057886e-06,-3.778983708547072e-06,-4.983483450779184e-06,-6.3226157717963795e-06,-7.77649259347554e-06,-9.323521713644507e-06,-1.094072748193786e-05,-1.2604092021887323e-05,-1.428891193159728e-05,-1.5970165165477653e-05,-1.7622882648303193e-05,-1.922251910258492e-05,-2.074531758192424e-05,-2.2168662296493888e-05,-2.3471414490672097e-05,-2.4634226384552226e-05,-2.5639828516838503e-05,-2.6473286221662655e-05,-2.7122221430266578e-05,-2.7576996503469333e-05,-2.7830857364737727e-05,-2.788003380812413e-05,-2.772379549135207e-05,-2.7364462782469546e-05,-2.6807372298982004e-05,-2.6060797651258864e-05,-2.5135826567290567e-05,-2.4046196223673296e-05,-2.2808089228398012e-05,-2.1439893285398402e-05,-1.9961928110190905e-05,-1.8396143652310948e-05,-1.6765794106383996e-05,-1.5095092553244969e-05,-1.340885136019129e-05,-1.1732113680954345e-05,-1.0089781528153016e-05,-8.506245941900757e-06,-7.005024747102211e-06,-5.608413279276956e-06,-4.337153266142051e-06,-3.2101247825483305e-06,-2.2440658536907193e-06,-1.4533238708964737e-06,-8.496425118307819e-07,-4.419873296671667e-07,-2.3641260147958423e-07,-2.359714133523414e-07,-4.4067031757589635e-07,-8.474692353357853e-07,-1.4503266063396954e-06,-2.240289114844793e-06,-3.2056246595217495e-06,-4.331996592358962e-06,-5.6026766389026075e-06,-6.998793337656101e-06,-8.499612308948266e-06,-1.0082844190868424e-05,-1.1724975668966312e-05,-1.3401618683442194e-05,-1.5087872627587522e-05,-1.675869415829861e-05,-1.838926912643496e-05,-1.99553811033118e-05,-2.1433771030166057e-05,-2.280248264927786e-05,-2.4041188586584407e-05,-2.5131492242984906e-05,-2.6057201010806465e-05,-2.6804566757766213e-05,-2.7362490006890305e-05,-2.7722684780018795e-05,-2.7879801656728418e-05,-2.7831507221068147e-05,-2.757851871620669e-05,-2.7124593392320164e-05,-2.6476472705918684e-05,-2.5643782199334446e-05,-2.4638888547306987e-05,-2.3476715893734003e-05,-2.2174524206255682e-05,-2.075165294043251e-05,-1.922923382047815e-05,-1.7629877002177053e-05,-1.59773352789234e-05,-1.429615131791892e-05,-1.2611293165585109e-05,-1.0947783435471023e-05,-9.330327685759162e-06,-7.78294750550842e-06,-6.328623758840696e-06,-4.9889552854198e-06,-3.78383812601795e-06,-2.7311700371429875e-06,-1.846584683116899e-06,-1.1432194532409833e-06,-6.315203523060558e-07
2,-1.3220406237486364e-06,-2.615165853540087e-06,-4.732919017351417e-06,-7.643848376093087e-06,-1.1304722361391337e-05,-1.56611716277565e-05,-2.0648496517067068e-05,-2.6192627943343796e-05,-3.2211227427259276e-05,-3.8614909943265194e-05,-4.530857141825732e-05,-5.219280116648448e-05,-5.916535828396697e-05,-6.612269007580393e-05,-7.296146996550074e-05,-7.958013204610535e-05,-8.588037948282229e-05,-9.176864436510944e-05,-9.715747732732206e-05,-0.00010196684629999022,-0.00010612532510337858,-0.00010957115423096385,-0.00011225315806864698,-0.00011413150492764495,-0.00011517829860346208,-0.00011537799267542217,-0.00011472762139380715,-0.00011323684372558722,-0.00011092779990460226,-0.00010783478261663126,-0.00010400372770273631,-9.94915319446806e-05,-9.436520806430958e-05,-8.870088948639193e-05,-8.258269964564962e-05,-7.610150263042869e-05,-6.935355371778179e-05,-6.243906984149468e-05,-5.5460741223700806e-05,-4.8522206274541915e-05,-4.1726512409842205e-05,-3.517458564591936e-05,-2.89637317002828e-05,-2.3186190859081446e-05,-1.792776807363008e-05,-1.326655863109331e-05,-9.271788324983655e-06,-6.0027853506442735e-06,-3.5080991945733093e-06,-1.8247796033756901e-06,-9.778263407120667e-07,-9.798179041589382e-07,-1.8307247160794627e-06,-3.5179095628949276e-06,-6.016315276232208e-06,-9.288836868608188e-06,-1.328687259688847e-05,-1.795104576942397e-05,-2.321208657696634e-05,-2.8991860850885544e-05,-3.520453047011606e-05,-4.17578281830951e-05,-4.855442791170915e-05,-5.549339018623425e-05,-6.247166124443734e-05,-6.938560353102152e-05,-7.613253486725337e-05,-8.261225343185036e-05,-8.872852590491756e-05,-9.439051667383049e-05,-9.951413687524297e-05,-0.00010402329323798285,-0.0001078510181796807,-0.00011094046437354205,-0.0001132457490144876,-0.00011473263524607282,-0.0001153790406279968,-0.00011517536509271358,-0.0001141246335205085,-0.00011224245081559198,-0.00010955677015039484,-0.00010610747781997893,-0.00010194580087208257,-9.713354631036295e-05,-9.174218316978353e-05,-8.58517810966722e-05,-7.954982119709002e-05,-7.292989681416387e-05,-6.609032352972867e-05,-5.913267903381155e-05,-5.2160294547021216e-05,-4.527672020043947e-05,-3.858418716437113e-05,-3.218208936559544e-05,-2.6165507341840957e-05,-2.0623796156416668e-05,-1.563925834452481e-05,-1.1285921599958767e-05,-7.628439355328882e-06,-4.721130583803308e-06,-2.6071730827279407e-06
3,-3.091965592012417e-06,-6.110883828927361e-06,-1.104531856963698e-05,-1.782198622440511e-05,-2.634024334402422e-05,-3.647358132258042e-05,-4.807150523570856e-05,-6.0961768910847524e-05,-7.495293303541009e-05,-8.983720831122698e-05,-0.00010539354143023722,-0.00012139089804017905,-0.0001375916939434148,-0.00015375532357055985,-0.00016964173332591526,-0.00018501498673527983,-0.0001996467684484746,-0.0002133197750569962,-0.0002258309423682048,-0.00023699446120626933,-0.00024664453695082735,-0.00025463785183014683,-0.0002608556934001425,-0.0002652057175981999,-0.00026762332018788205,-0.000268072596226548,-0.00026654687330638916,-0.0002630688106494659,-0.0002576900625850421,-0.00025049051140707074,-0.00024157708100502228,-0.00023108214888737549,-0.00021916158018155335,-0.00020599241280828503,-0.00019177022820894386,-0.00017670624667442427,-0.00016102419041417543,-0.00014495696095341684,-0.00012874318020405316,-0.00011262364657947045,-9.683775878508356e-05,-8.161996039661058e-05,-6.719625802927464e-05,-5.3780864808249044e-05,-4.15730189897119e-05,-3.075402498066099e-05,-2.148456070267804e-05,-1.390229128924253e-05,-8.119824556683333e-06,-4.2230386130227185e-06,-2.2698064421771575e-06,-2.289136405304683e-06,-4.28074142411521e-06,-8.215043244404445e-06,-1.4033611716489765e-05,-2.1650032568592223e-05,-3.095119078545273e-05,-4.1798950532137316e-05,-5.403220667368884e-05,-6.746927742256291e-05,-8.191060257951217e-05,-9.714170729510444e-05,-0.0001129363873356501,-0.00012906006854768813,-0.00014527329062804812,-0.0001613352634603989,-0.0001770074432014713,-0.00019205707500683864,-0.00020626064978156278,-0.0002194072236179287,-0.00023130155062170624,-0.0002417669825999132,-0.0002506480925454441,-0.00025781298295597996,-0.0002631552447052598,-0.00026659553737459903,-0.00026808276757441966,-0.00026759484775598874,-0.0002651390242438955,-0.0002607517696175101,-0.00025449824103971014,-0.00024647131257749227,-0.00023679019588592574,-0.0002255986697403101,-0.0002130629447105847,-0.0001993691946907018,-0.00018472079194336856,-0.00016933528672381318,-0.00015344117633955568,-0.000137274511630426,-0.00012107539126753988,-0.00010508439593605103,-8.953901535928735e-05,-7.467012122820288e-05,-6.0698538418306786e-05,-4.78317654165433e-05,-3.6260892664561954e-05,-2.615776458552321e-05,-1.7672427442498036e-05,-1.0930900931486714e-05,-6.033306604195545e-06
4,-5.716776789446445e-06,-1.128492379955848e-05,-2.03616400585516e-05,-3.281212302359596e-05,-4.8451464770363906e-05,-6.704739814678294e-05,-8.832374628074002e-05,-0.00011196452421151256,-0.00013761863172965928,-0.00016490506772984706,-0.00019341858863580101,-0.0002227357268615023,-0.00025242107992563996,-0.0002820337768167499,-0.00031113402557405185,-0.0003392896448427959,-0.00036608248240095907,-0.0003911146253327405,-0.00041401430961870886,-0.0004344414413764851,-0.00045209264775347653,-0.0004667057824584729,-0.0004780638190183818,-0.00048599807393950905,-0.0004903907119047298,-0.0004911764958006923,-0.0004883437555845899,-0.0004819345616014028,-0.0004720440997776027,-0.00045881925797060073,-0.00044245644446873036,-0.00042319867104023126,-0.0004013319438522391,-0.0003771810158599229,-0.00035110456374901067,-0.0003234898610611931,-0.0002947470266142897,-0.00026530293363657677,-0.000235594870073546,-0.0002060640442208645,-0.00017714903213436711,-0.0001492792641326894,-0.00012286864712748318,-9.830941749900356e-05,-7.596631581084339e-05,-5.6171169877858553e-05,-3.9217966636658644e-05,-2.5358486008619326e-05,-1.4798561598941972e-05,-7.695023765863687e-06,-4.153370459928186e-06,-4.2262004247608416e-06,-7.91243202861564e-06,-1.5157319328193126e-05,-2.5853265126154512e-05,-3.984141894724078e-05,-5.691403620069943e-05,-7.681756349201454e-05,-9.925640426251692e-05,-0.00012389730883162784,-0.00015037432364314852,-0.0001782942262120646,-0.00020724236505490076,-0.00023678881787212946,-0.00026649477652458073,-0.0002959190639775975,-0.00032462468642675975,-0.000352185323296518,-0.00037819165872570424,-0.00040225746050814566,-0.00042402531620712225,-0.00044317194125402396,-0.0004594129801981237,-0.0004725072298018847,-0.0004822602212626387,-0.0004885271083593961,-0.0004912148186315696,-0.0004902834356414583,-0.00048574679179186456,-0.0004776722628946347,-0.0004661797675410781,-0.0004514399861350903,-0.00043367182603893745,-0.0004131391704780104,-0.000390146959488077,-0.0003650366611087143,-0.0003381812000823226,-0.00030997941937501485,-0.0002808501567738463,-0.0002512260245316832,-0.0002215469844410333,-0.00019225381375644843,-0.0001637815590061196,-0.00013655307491316034,-0.0001109727443830593,-8.742047282472761e-05,-6.624604599822445e-05,-4.776393518343935e-05,-3.224862682058436e-05,-1.9930545984147525e-05,-1.0992634232746661e-05
5,-9.29286376802668e-06,-1.8316989074467878e-05,-3.2977698166119995e-05,-5.3057258020505336e-05,-7.825745773733096e-05,-0.00010820403740753812,-0.00014245224642160415,-0.00018049344866810665,-0.00022176267652562238,-0.00026564702146015384,-0.00031149473661536457,-0.0003586249162088612,-0.00040633760798126337,-0.0004539242085133728,-0.0005006779870257589,-0.0005459045813668924,-0.000588932310309031,-0.0006291221489991147,-0.0006658772194146574,-0.0006986516548773837,-0.0007269587069736465,-0.0007503779744819304,-0.0007685616469473018,-0.0007812396701765505,-0.0007882237569388542,-0.0007894101833071836,-0.0007847813291106794,-0.0007744059396200171,-0.0007584381045793618,-0.0007371149697477694,-0.0007107532149370139,-0.0006797443508521288,-0.0006445489045834907,-0.0006056895801043995,-0.0005637434953507881,-0.0005193336111738295,-0.0004731194794580421,-0.00042578744780891143,-0.0003780404662847552,-0.000330587647557856,-0.0002841337355517097,-0.0002393686389606301,-0.0001969571850942201,-0.00015752924621720703,-0.00012167038502291862,-8.991315816885901e-05,-6.272920702961809e-05,-4.0522253131042083e-05,-2.3622102293721174e-05,-1.227974653305742e-05,-6.6636364598880855e-06,-6.857179541967137e-06,-1.2857501380792995e-05,-2.4575488400641494e-05,-4.1837111315803654e-05,-6.438600972060701e-05,-9.188729941725528e-05,-0.00012393254593711197,-0.00016004583039131218,-0.00019969081756396394,-0.00024227872127635414,-0.00028717704872487326,-0.0003337189939263653,-0.000381213340764515,-0.00042895472856249023,-0.000476234127723046,-0.000522349369857471,-0.0005666155760155467,-0.0006083753281419554,-0.0006470084326982062,-0.000681941131445852,-0.000712654622597468,-0.0007386927657837515,-0.000759668856406702,-0.0007752713687698079,-0.0007852685826913347,-0.0007895120248887219,-0.0007879386740244909,-0.0007805718966654924,-0.000767521100255139,-0.0007489801082524724,-0.0007252242815696606,-0.0006966064290587719,-0.0006635515677831074,-0.0006265506108907397,-0.0005861530768345935,-0.0005429589282178171,-0.000497609661469613,-0.00045077877968280127,-0.00040316179010557057,-0.0003554658748392216,-0.00030839938814724227,-0.00026266133635605496,-0.00021893099658633388,-0.00017785782849193704,-0.0001400518288319687,-0.00010607447212463434,-7.643037192753183e-05,-5.1559786586579304e-05,-3.1832080754139706e-05,-1.754023978246569e-05
6,-1.3922444411074943e-05,-2.73952590038951e-05,-4.9195577175783336e-05,-7.899963224281817e-05,-0.00011636479029477583,-0.00016073612395760224,-0.00021145465387842325,-0.00026776713553501016,-0.0003288372460211674,-0.00039375800466794823,-0.0004615652430361937,-0.0005312519242313338,-0.0006017830988775762,-0.0006721112756333545,-0.0007411919779733707,-0.0008079992561961855,-0.0008715409242813254,-0.0009308732953062057,-0.0009851151965803893,-0.001033461056351812,-0.0010751928677282764,-0.0011096908521323777,-0.0011364426639219804,-0.0011550509994740952,-0.001165239497726121,-0.001166856844542766,-0.0011598790199527887,-0.0011444096548807777,-0.0011206784920760032,-0.0010890379740957862,-0.0010499580090168503,-0.0010040189916114919,-0.000951903183634367,-0.000894384581235246,-0.0008323174199815082,-0.0007666234882076688,-0.0006982784371072828,-0.0006282972908824276,-0.0005577193721462667,-0.0004875928664586311,-0.00041895925523380306,-0.00035283784821473553,-0.00029021064522904473,-0.00023200775205198612,-0.00017909356697215728,-0.00013225394320971458,-9.21845178439948e-05,-5.94803805830969e-05,-3.4627235809318794e-05,-1.799418915703585e-05,-9.828265752931115e-06,-1.0250741530726598e-05,-1.9255342105775923e-05,-3.670833595887653e-05,-6.23505205453769e-05,-9.580107183295789e-05,-0.00013656320009678764,-0.000184031527975238,-0.0002375010812111694,-0.0002961777585531487,-0.0003591901253231595,-0.0004256023554991093,-0.0004944281301031509,-0.0005646452854844478,-0.0006352109939478691,-0.0007050772512740386,-0.0007732064411183543,-0.0008385867451348593,-0.0009002471699619565,-0.0009572719678973445,-0.0010088142370938394,-0.0010541084992933703,-0.0010924820683012918,-0.0011233650403625302,-0.001146298758067816,-0.0011609426220886019,-0.0011670791495764059,-0.0011646172041019412,-0.0011535933491646918,-0.0011341713051713509,-0.0011066395179477587,-0.0010714068748955388,-0.001028996632414755,-0.0009800386447792809,-0.0009252600098774723,-0.0008654742707426125,-0.0008015693332461979,-0.00073449427939413,-0.0006652452720675256,-0.000594850760543611,-0.0005243562065162376,-0.000454808557457094,-0.0003872406979109367,-0.0003226561096459046,-0.00026201396847814806,-0.000206214899104853,-0.00015608759950714587,-0.00011237653357021504,-7.573087470326358e-05,-4.66948646626653e-05,-2.569973076405498e-05
7,-1.971084468896323e-05,-3.871153000647958e-05,-6.931547058008396e-05,-0.0001110681530271588,-0.00016334948880430573,-0.00022538302343127063,-0.00029624746797823215,-0.00037489038155703484,-0.00046014380161122503,-0.0005507415898722582,-0.0006453382363689069,-0.0007425288422228634,-0.0008408699844566468,-0.0009389011529408526,-0.001035166441110679,-0.0011282361683127538,-0.0012167281126587515,-0.001299328039046729,-0.0013748092174790817,-0.0014420506418013573,-0.0015000536782870516,-0.0015479568968124165,-0.001585048864356663,-0.0016107787108252708,-0.0016247643102784571,-0.0016267979560615777,-0.001616849445553448,-0.0015950665287195387,-0.001561772713808396,-0.001517462462779882,-0.001462793847820202,-0.0013985787780052025,-0.0013257709412603502,-0.0012454516406969459,-0.0011588137356757264,-0.0010671439260966419,-0.0009718036430190595,-0.0008742088294146874,-0.0007758089113386603,-0.000678065271827809,-0.0005824295472201578,-0.0004903220682272536,-0.00040311076594086925,-0.00032209085605094484,-0.0002484656029938055,-0.00018332844971131063,-0.0001276467784201823,-8.224754356792437e-05,-4.7804990346966216e-05,-2.4830641165109654e-05,-1.3665698787894304e-05,-1.447597897732804e-05,-2.724944788473366e-05,-5.1796400771046276e-05,-8.775227940029052e-05,-0.0001345830862638309,-0.00019159331522619654,-0.0002579362808108176,-0.00033262669272056796,-0.0004145552888431223,-0.0005025053094194656,-0.0005951705677101074,-0.0006911748487829937,-0.0007890923483227794,-0.000887468847915124,-0.0009848433123220179,-0.0010797695879969241,-0.0011708378805850186,-0.0012566956924360512,-0.001336067909177267,-0.0014077757370310983,-0.0014707542096308857,-0.001524068004332647,-0.0015669253331275187,-0.0015986897018544356,-0.0016188893630715258,-0.001627224322197193,-0.001623570792869448,-0.0016079830353548455,-0.0015806925507039942,-0.0015421046426215604,-0.001492792398112096,-0.0014334881762978736,-0.0013650727318122904,-0.001288562134302383,-0.001205092678305028,-0.0011159040076072421,-0.001022320704718698,-0.0009257326188795551,-0.000827574224761795,-0.0007293033184173898,-0.0006323793668698199,-0.0005382418328892073,-0.00044828879685994796,-0.0003638561932374033,-0.00028619796996282113,-0.0002164674654980847,-0.00015570028005877667,-0.00010479889543283215,-6.451927180290903e-05,-3.545962062948103e-05
8,-2.6762742714700795e-05,-5.2454609773954647e-05,-9.362494618480001e-05,-0.0001496623120961957,-0.0002197344704740799,-0.00030280074704139325,-0.0003976274858166869,-0.0005028063707140094,-0.0006167753411013297,-0.0007378417906909202,-0.0008642077052240385,-0.0009939963656185739,-0.0011252802199986642,-0.0012561095106658126,-0.001384541230859048,-0.0015086679812537488,-0.0016266462976378664,-0.0017367240290579295,-0.0018372663598293978,-0.0019267800889461544,-0.002003935806304502,-0.002067587636392073,-0.0021167902562190585,-0.002150812934750431,-0.002169150385333059,-0.0021715302699432506,-0.002157917243805658,-0.0021285134803149955,-0.0020837556684647545,-0.0020243085273754582,-0.0019510549342412614,-0.0018650828123093115,-0.0017676689736246538,-0.0016602601564995763,-0.001544451539328742,-0.0014219630498515238,-0.0012946138217036843,-0.0011642951776160528,-0.0010329425404992792,-0.0009025066895763409,-0.0007749247884512173,-0.0006520916153895503,-0.0005358314230836229,-0.00042787084582557777,-0.0003298132564569328,-0.0002431149539313592,-0.00016906353514028848,-0.00010875877221148356,-6.30962792806818e-05,-3.275421130870603e-05,-1.8183192486138565e-05,-1.9599623803478517e-05,-3.698246917918696e-05,-7.007356787634047e-05,-0.00011838146856803122,-0.00018118872811004447,-0.0002575625666232962,-0.00034636872064250986,-0.00044628828859147193,-0.0005558373184049612,-0.0006733888463923421,-0.0007971970600335283,-0.0009254232258542176,-0.0010561629973135657,-0.0011874746971420721,-0.0013174081540955117,-0.0014440336658568399,-0.0015654706579445606,-0.0016799156130006044,-0.001785668855667134,-0.0018811597952572419,-0.001964970251329156,-0.002035855515744834,-0.0020927628384105426,-0.0021348470621590718,-0.002161483174572663,-0.0021722755903336713,-0.0021670640262464657,-0.0021459258816778426,-0.002109175089062981,-0.0020573574515485374,-0.001991242537015795,-0.0019118122488694352,-0.0018202462433325186,-0.0017179044098222104,-0.001606306674598353,-0.0014871104276302758,-0.0013620859079261107,-0.0012330899128882636,-0.0011020382221500233,-0.0009708771454394526,-0.0008415546170266632,-0.0007159912660442482,-0.0005960518923290472,-0.00048351777141075454,-0.00038006019995903635,-0.0002872156745778184,-0.00020636307257823632,-0.0001387031736291898,-8.52408264188631e-05,-4.6770025178654166e-05
9,-3.5177355127569664e-05,-6.880193102131909e-05,-0.00012238560385111177,-0.00019513257752224638,-0.00028596245282929366,-0.0003935262729681711,-0.0005162265575222111,-0.0006522410273882826,-0.0007995496682928762,-0.0009559647309654291,-0.0011191632224221647,-0.0012867214058174298,-0.0014561507964890228,-0.0016249351196035028,-0.001790567680526321,-0.0019505885929119208,-0.002102621311622173,-0.002244407927905614,-0.002373842702652542,-0.002489003339707743,-0.0025881795347864967,-0.0026698983760004647,-0.0027329462187585347,-0.00277638671016818,-0.0027995746952486,-0.00280216579842797,-0.002784121538025543,-0.0027457098977610177,-0.0026875013468034437,-0.00261036036746775,-0.002515432616385059,-0.002404127909822173,-0.002278099285843247,-0.002139218454271211,-0.0019895479990529527,-0.0018313107458639984,-0.0016668567498885956,-0.0014986283940550738,-0.0013291241160688012,-0.001160861302949632,-0.0009963389041441437,-0.0008380003184629728,-0.0006881971060264145,-0.0005491540641493183,-0.000422936185839409,-0.0003114179916238663,-0.00021625569017145438,-0.0001388625811658218,-8.03880657333097e-05,-4.170057615119999e-05,-2.3374678355298454e-05,-2.568253879347749e-05,-4.8589882354926305e-05,-9.17565014057989e-05,-0.00015454130837131184,-0.0002360118568260712,-0.00033495818969042244,-0.00044991080886690367,-0.0005791624994412317,-0.0007207936843265726,-0.0008727009327973198,-0.0010326281995190344,-0.0011982003301289597,-0.0013669583357602834,-0.001536395912631662,-0.00170399666433259,-0.0018672714739991056,-0.002023795471348284,-0.0021712440455566844,-0.0023074273691390504,-0.0024303229200966486,-0.002538105519333987,-0.002629174437244068,-0.002702177166889714,-0.0027560295107143403,-0.0027899316824650995,-0.0028033801851912133,-0.0027961752889118178,-0.00276842399689897,-0.002720538456522214,-0.0026532298382559065,-0.0025674977737551365,-0.0024646155098601748,-0.0023461109990143367,-0.0022137442069302283,-0.002069480974518837,-0.0019154638222700442,-0.0017539801306825432,-0.001587428169310021,-0.0014182814789425442,-0.0012490521358995998,-0.0010822534440140701,-0.0009203626083858368,-0.0007657839452544986,-0.0006208131743784599,-0.00048760332423110233,-0.00036813275637155476,-0.0002641757838752904,-0.0001772763201838896,-0.00010872494972698567,-5.9539760851561896e-05
10,-4.504258531208698e-05,-8.790942137168071e-05,-0.00015581719906034244,-0.00024775738832720875,-0.000362364542578171,-0.0004979365775595549,-0.0006524600498044872,-0.0008236400592201226,-0.0010089343317182737,-0.0012055909757126221,-0.0014106893517429637,-0.0016211834482528728,-0.0018339471193267343,-0.0020458205125394677,-0.0022536569973973753,-0.0024543698974138915,-0.0026449783317804825,-0.0028226514858165313,-0.002984750652717371,-0.003128868422218594,-0.003252864434167767,-0.00335489716601039,-0.003433451282099539,-0.003487360138651662,-0.0035158231101170643,-0.0035184174796430196,-0.003495104717038747,-0.00344623105100522,-0.003372522327131392,-0.0032750732280231146,-0.0031553310156616525,-0.003015074037441575,-0.002856385315104916,-0.00268162160881463,-0.002493378415811142,-0.0022944514234733743,-0.002087794989262726,-0.0018764782641837174,-0.0016636396113921712,-0.0014524399969016075,-0.0012460160446039282,-0.0010474334528064353,-0.0008596414641175986,-0.0006854290648708201,-0.0005273835645887255,-0.00038785217064378995,-0.0002689071287878568,-0.00017231494726485048,-9.951016157366443e-05,-5.1574029512968056e-05,-2.9218472917800722e-05,-3.277550457664796e-05,-6.219229735479796e-05,-0.00011703196875474297,-0.00019648006926172544,-0.0002993566781130236,-0.00042413392685100007,-0.000568958690409581,-0.0007316801087381121,-0.0009098815302262934,-0.0011009164025233228,-0.0013019475777202002,-0.0015099894481553516,-0.0017219522870653022,-0.0019346881355566253,-0.002145037554410381,-0.002349876546386225,-0.0025461629521612295,-0.0027309816308554837,-0.0029015877541478893,-0.0030554475710005023,-0.00319027603757595,-0.003304070753488272,-0.003395141700384136,-0.003462136341192949,-0.0035040597072851613,-0.003520289175215023,-0.003510583713591526,-0.0034750874627478925,-0.003414327594046345,-0.003329206480610512,-0.0032209882957617082,-0.0030912802381918222,-0.0029420086627066156,-0.002775390471032827,-0.0025939001875775977,-0.002400233209113326,-0.0021972657741843055,-0.001988012246747626,-0.0017755803484495276,-0.0015631250044029893,-0.0013538014879247253,-0.0011507185601008318,-0.0009568923001272507,-0.000775201312112112,-0.0006083439735848272,-0.00045879836063388236,-0.00032878544484409857,-0.00022023610861274934,-0.00013476246871520095,-7.363393400752625e-05
11,-5.642819879297899e-05,-0.0001098997435008023,-0.00019407942226828243,-0.00030771704345907596,-0.00044912492180676267,-0.0006162029430152139,-0.0008064697535345882,-0.001017099612299255,-0.0012449643571250675,-0.0014866798625037159,-0.001738656298827549,-0.0019971514466219672,-0.0022583262739906754,-0.002518301951867293,-0.002773217460313343,-0.003019286930324556,-0.0032528558695356525,-0.0034704554367893554,-0.0036688539595129584,-0.0038451049287935553,-0.0039965907593550055,-0.004121061664536592,-0.004216669068923146,-0.004281993062399932,-0.004316063487899432,-0.0043183743496560435,-0.004288891327984974,-0.004228052288979886,-0.00413676078155949,-0.004016372618441505,-0.003868675740336204,-0.0036958636624057377,-0.003500502897348324,-0.0032854948389222077,-0.003054032671994887,-0.00280955394906668,-0.0025556895375766814,-0.0022962096961984834,-0.0020349680809716433,-0.0017758445128601555,-0.0015226873567232733,-0.0012792563674557742,-0.0010491668521159002,-0.0008358359773156163,-0.000642432019286851,-0.00047182731033480036,-0.0003265555804923611,-0.0002087743279147463,-0.00012023277686899913,-6.224589918925945e-05,-3.5674885017312146e-05,-4.091435286648136e-05,-7.788648895819218e-05,-0.00014604220287066561,-0.0002443692823366337,-0.00037140742607942226,-0.0005252699314276593,-0.0007036717146158863,-0.0009039632476283378,-0.0011231699075742113,-0.001358036154198292,-0.001605073879426426,-0.001860614210883885,-0.002120862000028698,-0.0023819521856711426,-0.002640007195798568,-0.00289119453520424,-0.0031317837036596474,-0.0033582015993116137,-0.003567085584483148,-0.003755333425772395,-0.003920149366766566,-0.004059085649123216,-0.00417007886537,-0.004251480603530598,-0.004302081928459111,-0.004321131336299259,-0.004308345915418366,-0.004263915548059812,-0.004188500090313401,-0.004083219572285044,-0.003949637564007757,-0.003789737954134479,-0.0036058954862832194,-0.0034008404906129765,-0.003177618334418245,-0.0029395441939601497,-0.0026901538192390996,-0.002433151022923707,-0.002172352673303055,-0.0019116320081970506,-0.0016548611116966663,-0.001405853408038759,-0.0011683070266657169,-0.000945749879581749,-0.0007414872666878685,-0.0005585527872327008,-0.0003996632864164271,-0.0002671785062567851,-0.00016306603996061716,-8.887211028036919e-05
12,-6.937814016776502e-05,-0.00013484910254044725,-0.0002372516485330186,-0.0003750649502162843,-0.0005462422780271802,-0.0007482413977033056,-0.0009780623261885543,-0.001232291885779524,-0.001507154394818026,-0.0017985677420988963,-0.00210220401220564,-0.0024135537613991336,-0.002727992989467935,-0.003040851812910133,-0.0033474838195493906,-0.003643335074567339,-0.003924011753111709,-0.004185345395036593,-0.004423454812646666,-0.004634803732024137,-0.004816253311880653,-0.0049651087599518725,-0.005079159354613194,-0.005156711277336758,-0.005196612768379693,-0.005198271232104785,-0.005161662037894424,-0.005087328885951382,-0.004976375732553747,-0.004830450394685798,-0.004651720077540111,-0.004442839188343332,-0.004206909914517533,-0.003947436151649244,-0.003668271465503248,-0.003373561860921724,-0.003067684207574339,-0.0027551812370272184,-0.0024406940765195014,-0.0021288933214201004,-0.001824409670039315,-0.0015317651509704814,-0.001255305964335979,-0.0009991379343440216,-0.0007670655317800182,-0.0005625353720381055,-0.0003885850278298142,-0.000247797916776281,-0.00014226493386930027,-7.355339861543591e-05,-4.268377804370009e-05,-5.01145312741727e-05,-9.573530072796134e-05,-0.00017886855109904189,-0.0002982796317468014,-0.00045219511306806193,-0.0006383291245264732,-0.0008539173031811044,-0.0010957578485285926,-0.0013602590739344824,-0.0016434927484450484,-0.0019412524367758122,-0.0022491159710420275,-0.002562511126434668,-0.0028767835254616732,-0.0031872657622769806,-0.003489346720499698,-0.0037785400550523,-0.004050550820961787,-0.004301339259589111,-0.004527180794967047,-0.004724721349213575,-0.004891027155505453,-0.00502362832881643,-0.005120555547330712,-0.0051803692997589275,-0.005202181264191099,-0.005185667500979264,-0.005131073263716143,-0.005039209356859765,-0.004911440094098597,-0.004749663036293235,-0.004556280809915802,-0.00433416542452461,-0.004086615619211873,-0.0038173078714922935,-0.003530241796222192,-0.003229680745455685,-0.0029200884914164,-0.002606062932936297,-0.002292267809917453,-0.0019833634399575276,-0.001683937505801452,-0.0013984369215271897,-0.0011311017893524539,-0.0008859024279009883,-0.0006664804071504023,-0.0004760944657795158,-0.0003175721141218086,-0.00019326764149170985,-0.00010502715153702575
13,-8.390215675470406e-05,-0.0001627729035948754,-0.00028531110057529864,-0.0004496968758309272,-0.0006534888596111387,-0.0008936604421995991,-0.0011666447235054607,-0.001468387486758854,-0.001794407409573268,-0.002139862618152666,-0.0024996225962153804,-0.0028683443806822887,-0.0032405519125112575,-0.0036107173642017203,-0.0039733432361368495,-0.004323044002512131,-0.004654626094288739,-0.004963165031307394,-0.005244078558038084,-0.005493194696792136,-0.005706813707707061,-0.005881763035307194,-0.00601544442560354,-0.006105872513974487,-0.00615170431074096,-0.006152259146531978,-0.006107528781222654,-0.006018177526312145,-0.0058855323789240134,-0.00571156331395356,-0.005498854027052693,-0.0052505635629617785,-0.004970379399064153,-0.004662462680941183,-0.004331386423260121,-0.003982067593802338,-0.0036196940892835447,-0.003249647687482176,-0.0028774241199496474,-0.002508551452340243,-0.0021485079845319443,-0.0018026408898422328,-0.0014760868016652712,-0.0011736955269358545,-0.0008999580193866053,-0.0006589396823013609,-0.00045421999131653847,-0.0002888393339604925,-0.00016525385544152894,-8.529898129084473e-05,-5.016215860270321e-05,-6.036522070429355e-05,-0.00011575663716580686,-0.00021551376424947417,-0.0003581550623750457,-0.0005415620991545107,-0.0007630110112186057,-0.001019212957581082,-0.0013063629637486928,-0.001620196431170548,-0.0019560524727783553,-0.00230894313399233,-0.0026736274711588975,-0.003044689387247176,-0.003416618068829821,-0.003783889829741227,-0.004141050145914739,-0.00448279466306143,-0.004804047974107204,-0.005100038996428623,-0.005366371829424015,-0.005599091040081863,-0.005794740406959625,-0.005950414250138955,-0.006063800584832182,-0.00613321545774577,-0.006157627956255368,-0.00613667551896961,-0.006070669320298267,-0.005960589649056115,-0.0058080713497368945,-0.005615379542675956,-0.005385375983692613,-0.0051214765628209155,-0.0048276005733349885,-0.004508112504498275,-0.004167757222499575,-0.0038115895022344396,-0.003444898956487414,-0.0030731314774279056,-0.0027018083571277336,-0.0023364442882797096,-0.0019824654629266654,-0.0016451289855548895,-0.0013294447973855388,-0.0010401012714031654,-0.0007813955831436122,-0.0005571698913377031,-0.00037075427622165584,-0.00022491728296352424,-0.00012182480470892411
14,-9.996694515179117e-05,-0.00019361062836471352,-0.00033810999717907213,-0.0005313190241332086,-0.0007703682719341464,-0.0010517075088080164,-0.0013711584346464173,-0.0017239767348884902,-0.002104922540547163,-0.002508338247945314,-0.0029282325424242455,-0.0033583693781496855,-0.003792360592534398,-0.004223760779817545,-0.004646163014789172,-0.005053294005022059,-0.005439107258460916,-0.005797872882693366,-0.006124262682252413,-0.006413429290130073,-0.006661078158283741,-0.006863531337970293,-0.007017782102676853,-0.0071215396024172945,-0.007173262886212918,-0.007172183787473479,-0.00711831833239721,-0.007012466501958267,-0.0068562003510164995,-0.006651840660998167,-0.006402422472889512,-0.006111650012428763,-0.005783841676923564,-0.005423865900720274,-0.005037068851816744,-0.0046291950334301744,-0.004206301969702956,-0.0037746702425889046,-0.0033407102160038548,-0.00291086683252412,-0.0024915238965408718,-0.0020889092654064836,-0.0017090023566226952,-0.0013574453447250687,-0.0010394593667197043,-0.0007597669805445735,-0.0005225220281608838,-0.00033124794491050445,-0.000188785431335804,-9.725026461211871e-05,-5.800187615502587e-05,-7.162316207090265e-05,-0.00013791182629521205,-0.0002558833849856409,-0.00042378578755038513,-0.0006391254371679625,-0.0008987042243555365,-0.0011986670235832244,-0.0015345589475397117,-0.0019013915087397336,-0.002293716705876191,-0.002705707934626431,-0.0031312465212680616,-0.0035640125939537136,-0.003997578942072832,-0.004425506469751482,-0.0048414398258657025,-0.005239201790322708,-0.005612885014834757,-0.005956939755701665,-0.006266256295640379,-0.00653624083057754,-0.006762883694374438,-0.006942818908247279,-0.007073374170486655,-0.00715261054405546,-0.007179351252646392,-0.0071531991575352425,-0.0070745426556731335,-0.006944549911422468,-0.006765151507603538,-0.006539011773509507,-0.006269489215710494,-0.005960586639307455,-0.005616891700408378,-0.005243508772709627,-0.0048459831400634755,-0.004430218640883816,-0.004002389987490411,-0.0035688510625791333,-0.003136040554749087,-0.002710386334537859,-0.002298209991120844,-0.0019056329474446236,-0.0015384855481221378,-0.0012022204702681785,-0.0009018317432504528,-0.0006417805800322973,-0.00042592912162022905,-0.00025748307860792326,-0.00013894412167451107
15,-0.00011748708636040774,-0.00022721038331651326,-0.0003953523831534962,-0.0006194159306791297,-0.0008960733537374994,-0.0012212158840189194,-0.0015900146782926458,-0.001996992533808031,-0.0024361052327847668,-0.002900831307907823,-0.0033842688956773324,-0.0038792382391997604,-0.0043783883181032195,-0.004874306021966453,-0.0053596262458761946,-0.0058271412730322904,-0.006269907819908681,-0.006681350154192424,-0.0070553577540486846,-0.007386376058327794,-0.007669488959941379,-0.007900491817259476,-0.008075953899202813,-0.008193269336628698,-0.008250695823307983,-0.008247380491726762,-0.008183372579419269,-0.008059622697718285,-0.00787796871378329,-0.00764110845557882,-0.007352559645174235,-0.007016607655413986,-0.006638241865848606,-0.006223081563134018,-0.005777292486386789,-0.0053074952569193735,-0.004820667052307878,-0.004324037985076602,-0.003824983724927626,-0.0033309159592332534,-0.002849172318612906,-0.0023869074023616967,-0.0019509865221621263,-0.0015478837421412618,-0.001183585729527466,-0.0008635028438656728,-0.0005923887852465736,-0.00037426999489143973,-0.00021238585659724585,-0.00010914058713833849,-6.606753012281833e-05,-8.380638359208555e-05,-0.00016209369956711754,-0.00029976679663718816,-0.000494781027483276,-0.0007442401448882277,-0.0010444393152537269,-0.0013909201408105853,-0.0017785368733614889,-0.002201532836185448,-0.0026536259191261968,-0.003128101877137712,-0.0036179140466660194,-0.004115787998933386,-0.004614329575869906,-0.0051061347042006,-0.005583899356787838,-0.006040528028142089,-0.006469239113080117,-0.00686366562350407,-0.007217949747508405,-0.007526829846474325,-0.0077857185981167355,-0.00799077112494516,-0.00813894209633104,-0.008228030956131982,-0.008256714604176471,-0.008224567046241088,-0.008132065720689186,-0.007980584407811346,-0.0077723728271740285,-0.007510523225986008,-0.007198924454694086,-0.006842204211852943,-0.006445660316017444,-0.006015182025370556,-0.005557162573605609,-0.005078404221033822,-0.004586017231046241,-0.004087314272279108,-0.0035897018147641718,-0.0031005701329909164,-0.0026271835494963234,-0.002176572549025786,-0.0017554293655278937,-0.0013700085926697855,-0.0010260342939517851,-0.0007286149919730289,-0.00048216779938199184,-0.00029035281827797274,-0.00015601878232941963
16,-0.00013631608113608227,-0.0002633136493899051,-0.00045657145212975314,-0.0007132193276707523,-0.0010294456788176257,-0.001400554080670884,-0.0018210330294213845,-0.0022846377962618568,-0.0027844831707642733,-0.003313145716348496,-0.0038627740191980115,-0.0044252052932653545,-0.004992086609611466,-0.00555499894964568,-0.006105582239894055,-0.0066356595113462365,-0.007137358339432691,-0.007603227761070302,-0.008026348932387413,-0.008400437883698106,-0.00871993884566441,-0.008980106760615558,-0.009177077753610702,-0.009307926516646173,-0.009370709753767782,-0.009364495041864608,-0.009289374678519124,-0.009146464311252793,-0.008937886368524828,-0.008666738538558125,-0.008337047764127987,-0.007953710436558395,-0.007522419677132823,-0.007049580785897156,-0.006542216113563789,-0.006007860769308896,-0.0054544507133547976,-0.0048902048963266245,-0.004323503195786489,-0.0037627619627670452,-0.0032163090266201892,-0.002692260014542855,-0.0021983978226154857,-0.0017420570283857503,-0.0013300149616394625,-0.0009683910511177796,-0.0006625559420293289,-0.00041705173409559956,-0.00023552452471138695,-0.00012067025905328794,-7.419469134164524e-05,-9.678805188974723e-05,-0.00018811479617178615,-0.00034681858815099285,-0.0005705424438581349,-0.0008559637360588221,-0.001198843540138793,-0.0015940895883487776,-0.002035831897445683,-0.0025175099465492047,-0.0030319701104944124,-0.003571571901652788,-0.004128301442374241,-0.004693890482818554,-0.0052599391965866835,-0.005818040930456847,-0.0063599070555089175,-0.006877490065415096,-0.0073631030937061194,-0.007809534075007617,-0.008210152854783426,-0.008559009656850355,-0.00885092344627677,-0.009081558875346694,-0.009247490669828974,-0.009346254499321036,-0.009376383576168027,-0.009337430439409827,-0.009229973600232231,-0.0090556089502278,-0.008816926060066097,-0.008517469720572995,-0.008161687297390268,-0.007754862681076017,-0.007303037813583735,-0.0068129229565669115,-0.006291797034156122,-0.005747399530265214,-0.005187815545908715,-0.004621355723599438,-0.004056432822123687,-0.003501436774740272,-0.002964610086372048,-0.0024539254203244125,-0.0019769671925472174,-0.001540818931939511,-0.0011519580795607404,-0.0008161597891351807,-0.0005384111575530024,-0.00032283715917014497,-0.00017263938389215514
17,-0.0001562378378211008,-0.0003015408315709204,-0.0005211082742369365,-0.0008116792674116777,-0.0011689384058720196,-0.0015875798676731733,-0.0020613862133827265,-0.0025833207241710877,-0.003145631907401717,-0.0037399686176605553,-0.004357504083507932,-0.004989066997974571,-0.005625277725915129,-0.006256687605340461,-0.006873919273899891,-0.00746780593645922,-0.008029527505446988,-0.008550741592084887,-0.009023707403091233,-0.00944140070280892,-0.00979761813340256,-0.010087069343816245,-0.010305455559242477,-0.010449533424229948,-0.010517163171266742,-0.010507340399464757,-0.01042021099138535,-0.010257068946469427,-0.010020337163248759,-0.009713531455750843,-0.009341208338506437,-0.008908897355628947,-0.008423018958978111,-0.0078907891550376,-0.007320112336640009,-0.006719463891145609,-0.006097764328515213,-0.0054642467986599046,-0.004828319965628979,-0.004199428275156008,-0.003586911690794025,-0.002999866981764677,-0.002447012622599267,-0.0019365593110109353,-0.001476088026996737,-0.0010724374441710544,-0.0007316023654369512,-0.00045864469137479625,-0.0002576182435979279,-0.0001315085595587806,-8.218855294099789e-05,-0.00011039069814554684,-0.00021569615197204267,-0.00039654097405431943,-0.0006502393536675616,-0.0009730234979549945,-0.0013600995891752585,-0.0018057189799236938,-0.002303263568973641,-0.0028453440897818595,-0.0034239098519291138,-0.00403036830567536,-0.004655712653919815,-0.00529065561634185,-0.005925767359128826,-0.00655161554183225,-0.007158905401451136,-0.0077386177932887695,-0.008282143138473079,-0.008781409288824897,-0.009229001410091784,-0.009618272103106899,-0.00994344012741164,-0.010199676261151671,-0.010383175022101088,-0.010491211184652263,-0.010522180253411255,-0.010475622292306634,-0.010352228755314337,-0.010153832217352545,-0.009883379157857503,-0.009544886201244475,-0.009143380464146793,-0.008684824895364165,-0.008176029717331348,-0.007624551284331321,-0.007038579859556459,-0.006426817977693647,-0.005798351199525859,-0.005162513178035568,-0.004528747039974729,-0.003906465141589006,-0.0033049092813290937,-0.0027330134455953673,-0.0021992711259425307,-0.0017116091782789652,-0.0012772700974354977,-0.0009027044554997705,-0.0005934751013644783,-0.0003541745442659245,-0.0001883567482895072
18,-0.00017695899809909904,-0.00034137826241579004,-0.0005880929221212393,-0.0009134389028373649,-0.0013125843397962336,-0.0017796013381154187,-0.0023075540107271083,-0.0028886014864691893,-0.0035141143585164843,-0.004174802843722897,-0.004860854749519684,-0.005562081199359831,-0.006268067952471581,-0.006968330070600972,-0.007652467634715818,-0.008310320199049469,-0.00893211768861569,-0.009508625499144812,-0.010031281644495271,-0.010492323914699366,-0.010884905156160788,-0.011203194961923225,-0.011442466261761111,-0.0115991655261023,-0.01167096554115161,-0.01165679997142737,-0.011556879196406591,-0.011372687186081285,-0.01110695946182862,-0.010763642469908194,-0.010347834970949663,-0.0098657123158826,-0.009324434732922215,-0.008732040987683593,-0.008097328995727402,-0.0074297251606162415,-0.006739144378002733,-0.006035842784893965,-0.00533026544098135,-0.004632891204192082,-0.0039540771042867765,-0.003303904525784473,-0.002692029484623031,-0.002127539222167022,-0.00161881724635157,-0.001173418824299389,-0.0007979587755280088,-0.0004980132321827481,-0.00027803682529977487,-0.00014129652700471733,-8.982313118730407e-05,-0.0001243810932349667,-0.00024445717674962883,-0.00044826807586064625,-0.0007327868999312622,-0.0010937881273220189,-0.001525910360581568,-0.00202273595105873,-0.002576886310393044,-0.0031801314933689985,-0.003823512424667319,-0.004497473954267618,-0.005192006765433769,-0.0058967960277411,-0.006601374587429625,-0.007295278419982132,-0.007968202036228403,-0.008610151533967322,-0.009211593022065128,-0.00976359421271586,-0.010257957079009533,-0.010687339607650177,-0.011045364838616543,-0.011326715572367018,-0.011527213338047758,-0.011643880449910488,-0.011674984230311094,-0.011620062742512784,-0.011479931651123756,-0.011256672108282078,-0.010953599845495404,-0.01057521593016734,-0.010127139918147928,-0.009616026395091059,-0.009049466146101956,-0.008435873421450376,-0.007784360972618701,-0.00710460471458363,-0.006406700024293423,-0.00570101180952093,-0.004998020574788106,-0.004308166770509561,-0.0036416957369983056,-0.003008505546142559,-0.002418000000527552,-0.0018789489731815933,-0.001399358162104721,-0.0009863501939171657,-0.0006460588424125747,-0.00038353793302478903,-0.00020268628611153146
19,-0.00019810250993854722,-0.0003821673534867005,-0.0006564290458790566,-0.001016814398918434,-0.001457971161790491,-0.0019733475098347697,-0.0025552893487456596,-0.0031951539890938815,-0.003883438502934415,-0.004609920856217881,-0.00536381172098136,-0.006133914712685887,-0.006908792672940625,-0.007676937528071652,-0.008426941200886821,-0.009147665037346162,-0.00982840523190365,-0.010459051794711028,-0.011030238699788468,-0.01153348298424067,-0.011961310732691967,-0.012307368075886178,-0.012566515554959927,-0.012734904449941103,-0.01281003393888264,-0.012790788238734575,-0.012677453176358149,-0.012471711943577829,-0.012176620099315194,-0.011796560190059544,-0.011337176662627738,-0.010805292035854243,-0.01020880557618472,-0.009556575981989094,-0.008858289818903867,-0.00812431766013206,-0.0073655600682280276,-0.006593285705763414,-0.00581896397916802,-0.005054094701230529,-0.004310037302019727,-0.0035978421246954375,-0.0029280863117125914,-0.002310716718750004,-0.0017549021893214422,-0.0012688973840080373,-0.0008599201866473383,-0.000534044508177055,-0.0002961100801533084,-0.0001496505776419632,-9.68411389636258e-05,-0.0001384660617008401,-0.0002739071547291881,-0.0005011529192617821,-0.0008168284225550526,-0.0012162454206076762,-0.0016934719854567962,-0.0022414206030045877,-0.0028519534329926907,-0.0035160031678601942,-0.004223707695553301,-0.004964556566347355,-0.005727547088433253,-0.0065013477340207845,-0.007274466429138176,-0.008035421227777883,-0.008772910835627173,-0.009475982450856466,-0.010134194429282789,-0.01073777135809378,-0.011277749235058209,-0.011746108597100437,-0.01213589362108353,-0.012441315427979991,-0.01265783805621179,-0.012782245827329456,-0.012812691103551217,-0.012748721727892688,-0.012591287739360905,-0.012342727263482416,-0.012006731787711404,-0.011588291337429425,-0.011093620366753106,-0.010530065464780181,-0.009905996247971376,-0.0092306810590762,-0.00851414931865561,-0.0077670425734841265,-0.007000456453979174,-0.006225775887823804,-0.005454506017100176,-0.004698101330063228,-0.00396779554519793,-0.0032744347740312823,-0.0026283164404756532,-0.002039036348988126,-0.001515346172806597,-0.001065023478772367,-0.0006947562190609676,-0.000410043405287517,-0.00021511344012299893
20,-0.00021920286961289698,-0.0004230966095395494,-0.0007247829755803064,-0.0011197814829299836,-0.0016022258246901572,-0.0021649509951266644,-0.0027995997005084185,-0.0034967464771712576,-0.004246037673470789,-0.00503634521668788,-0.005855931881221931,-0.00669262560359793,-0.0075340002554531715,-0.0083675601897599,-0.009180925819502294,-0.00996201747269196,-0.010699234793205753,-0.011381629023079994,-0.011999065607617305,-0.012542374708380792,-0.013003487388737911,-0.013375555449398257,-0.013653053134212613,-0.013831859195752383,-0.013909318101875625,-0.013884279474272329,-0.013757115173268828,-0.013529713775156736,-0.01320545252406642,-0.012789147174940651,-0.012286980472513864,-0.01170641032848894,-0.011056059060615247,-0.010345585338629887,-0.009585540738852396,-0.008787213037807984,-0.007962458572198404,-0.007123526154920654,-0.006282875162238614,-0.005452990493780465,-0.004646197153476198,-0.0038744772051812083,-0.0031492918214621156,-0.0024814110683824193,-0.001880753954232536,-0.0013562411177155324,-0.0009156623433847584,-0.0005655608719235566,-0.00031113622342876025,-0.00015616697691474204,-0.00010295465287575631,-0.00015228953233257996,-0.00030343892000078037,-0.0005541580258898505,-0.0009007233037253677,-0.0013379877510699286,-0.0018594573498546658,-0.002457387512067925,-0.0031228980982405635,-0.003846105300535442,-0.004616268431783142,-0.005421949440432476,-0.006251182782383861,-0.007091653126860697,-0.007930878257125535,-0.008756394449697443,-0.009555941578917378,-0.010317645197787637,-0.01103019289091719,-0.011683002280474652,-0.012266378190012374,-0.012771656632049879,-0.013191333480989257,-0.013519175920381269,-0.013750315009386872,-0.013881317993686517,-0.013910239286914141,-0.013836649365466986,-0.013661641147560664,-0.013387813761791607,-0.013019233946266933,-0.012561375651581892,-0.012021038744628697,-0.011406248020604658,-0.010726134023039196,-0.009990797441837214,-0.009211159103226242,-0.008398797779477631,-0.007565778227163309,-0.006724472007834357,-0.005887373752195167,-0.0050669155965205,-0.004275282547206398,-0.0035242315155621564,-0.002824916710441624,-0.002187723981890183,-0.001622116576045622,-0.0011364945920600143,-0.0007380702283131179,-0.0004327606706930349,-0.0002251002137115143
21,-0.0002397034544257335,-0.0004631972193573541,-0.0007915784249271245,-0.0012199701288284623,-0.0017420100862400249,-0.0023499452384884104,-0.0030347468573351964,-0.0037862446348275484,-0.004593277727280676,-0.005443860510168463,-0.006325360582218244,-0.007224686375088897,-0.008128481582352817,-0.009023323520226464,-0.009895922474102172,-0.01073331907029265,-0.011523076741728656,-0.012253466429211629,-0.012913640775137795,-0.013493795222660459,-0.013985313627732754,-0.014380896221477745,-0.014674668022457801,-0.014862266088761568,-0.014940904314087348,-0.014909414805506125,-0.01476826522838366,-0.01451955186086423,-0.014166968461067067,-0.013715751409363248,-0.013172601940450735,-0.012545586620195085,-0.011844017545300907,-0.0110783140450244,-0.010259847938859083,-0.00940077464834543,-0.008513852671241294,-0.007612254099126386,-0.006709368992531938,-0.005818606518912379,-0.004953195806850661,-0.004125989474105321,-0.0033492727473946006,-0.0026345810087699184,-0.001992528478281512,-0.001432650577250388,-0.0009632623132827939,-0.0005913347902176324,-0.0003223916770148529,-0.0001604271731736789,-0.00010784668901465743,-0.0001654311218100769,-0.0003323252583146547,-0.000606050475936004,-0.000982541553913724,-0.001456207047807348,-0.0020200123306431447,-0.0026655840674375724,-0.0033833345714968355,-0.004162604195619932,-0.004991819643486283,-0.005858665850072752,-0.00675026887842276,-0.007653387116483286,-0.008554607934455914,-0.009440546882012135,-0.01029804646700216,-0.01111437156350235,-0.011877398547104238,-0.012575795348510773,-0.013199189751377585,-0.013738323434931522,-0.014185189473606676,-0.014533151251627116,-0.014777041026480408,-0.014913236677469762,-0.014939715499516382,-0.014856084243295178,-0.014663584955563665,-0.014365076532946946,-0.013964992263131483,-0.013469273984044001,-0.01288528383884749,-0.012221694937322414,-0.011488362547471789,-0.010696177730343634,-0.009856905591807973,-0.008983010553487675,-0.008087471237823912,-0.007183587716506916,-0.006284783984913376,-0.005404408596095636,-0.004555536415200044,-0.0037507744385519336,-0.003002074561278214,-0.0023205560741438244,-0.001716340525782673,-0.0011984014028623864,-0.0007744308606525467,-0.0004507254832418929,-0.0002320927700341722
22,-0.00025895635319769144,-0.0005013429119362993,-0.0008549978276175929,-0.0013146688062888041,-0.001873529060043119,-0.0025232786948282304,-0.0032542679760403795,-0.004055640641229916,-0.004915495131513603,-0.005821061347171856,-0.006758890302350141,-0.007715053862215241,-0.008675351596176035,-0.009625521675095337,-0.010551452680360394,-0.01143939317913647,-0.012276155953304026,-0.01304931384897988,-0.013747384337970785,-0.014360000050150121,-0.014878062744102966,-0.015293878429348802,-0.01560127163337969,-0.01579567711648011,-0.015874207672229326,-0.015835697006749375,-0.01568071705987892,-0.015411569511028195,-0.01503225159586552,-0.014548396741507713,-0.01396719090186887,-0.013297265835710143,-0.012548570912368084,-0.011732225349034434,-0.010860353074079909,-0.009945902668944462,-0.009002455062720432,-0.00804402183544604,-0.0070848371256007105,-0.006139146232281874,-0.005220994051629577,-0.004344016489529452,-0.00352123794841983,-0.0027648778958221584,-0.0020861693873345504,-0.0014951922392886338,-0.001000723328700041,-0.0006101062437779996,-0.0003291422208747647,-0.00016200398762115557,-0.0001111737918041352,-0.0001774065363482068,-0.0003597185679002716,-0.0006554022855239936,-0.001060066352542972,-0.0015677009143281306,-0.002170766853449198,-0.0028603077566210283,-0.0036260829305707187,-0.004456719491345664,-0.005339881268312531,-0.006262452014376214,-0.007210730201477218,-0.0081706325083698,-0.009127902978588452,-0.010068324742300527,-0.010977931157664997,-0.011843213235939027,-0.012651320269764304,-0.013390250685011016,-0.014049030281747359,-0.014617875217196832,-0.015088337310146454,-0.015453429508822721,-0.015707729658853406,-0.015847461030208825,-0.01587054840717941,-0.015776648908371278,-0.015567157078997518,-0.015245184179837522,-0.014815511980453135,-0.014284521742900824,-0.013660099450635146,-0.012951518690093722,-0.012169302924343608,-0.011325069204227529,-0.010431355638128094,-0.009501435182678146,-0.008549118519895982,-0.007588548948311632,-0.006633992334249484,-0.005699625242799777,-0.004799324395044284,-0.003946460578405181,-0.003153700070850099,-0.00243281652809615,-0.00179451612756201,-0.001248278565938155,-0.0008022162717941802,-0.00046295392412135024,-0.0002355300661381863
23,-0.00027622507156722047,-0.0005362547154162483,-0.000912991256360364,-0.001400839604474193,-0.0019925544966069267,-0.0026793480991617368,-0.003451020520307356,-0.004296111293325009,-0.005202069581339856,-0.006155440575648255,-0.007142065319351336,-0.008147290988622108,-0.009156188508620159,-0.010153774272138802,-0.011125232668138018,-0.012056136115287922,-0.012932659332702334,-0.013741784665627392,-0.01447149541669876,-0.0151109543115136,-0.015650664448042965,-0.01608261033954914,-0.016400376956314466,-0.016599244998236996,-0.016676260983355416,-0.01663028111138597,-0.016461988250833486,-0.016173881797392986,-0.015770240554259532,-0.015257059185628082,-0.014641959187142116,-0.01393407569551018,-0.01314392181833383,-0.01228323249904769,-0.011364790235805921,-0.010402235242645722,-0.0094098628723125,-0.008402411309314762,-0.007394842686277855,-0.006402120874340493,-0.005438989247731106,-0.00451975172304726,-0.0036580603251243735,-0.002866712434453471,-0.00215746072731991,-0.0015408386313312656,-0.0010260038885753808,-0.0006206025497252953,-0.0003306554189776797,-0.00016046863628399707,-0.00011256972485954129,-0.00018767005375835,-0.0003846542729998568,-0.0007005968781512433,-0.0011308056583569748,-0.0016688913825488342,-0.002306862688893676,-0.003035244768232131,-0.0038432200788844047,-0.00471878900300284,-0.005648948058488009,-0.006619883019761219,-0.007617174079265618,-0.00862601000274784,-0.009631408097799771,-0.010618436728805329,-0.011572437073618928,-0.012479240828564322,-0.013325380628514207,-0.014098290057006139,-0.014786490275948694,-0.015379760503195236,-0.015869289806142342,-0.016247807956995687,-0.016509693406310887,-0.016651056771243906,-0.01666979859858806,-0.016565640544731954,-0.01634012950947009,-0.015996614662273305,-0.015540197702212103,-0.01497765709024657,-0.014317347379143874,-0.013569075136121987,-0.012743953300950166,-0.011854236142501962,-0.010913137264897513,-0.009934633366111972,-0.008933256663520047,-0.007923879069164523,-0.006921491320060066,-0.005940980343772301,-0.004996908165719375,-0.004103295641746753,-0.0032734142278632032,-0.0025195888796637365,-0.0018530150086702845,-0.0012835922140582935,-0.0008197772590965806,-0.00046845847581479153,-0.00023485346317486807
24,-0.00029069044297471975,-0.0005665111774525856,-0.0009632937513798106,-0.0014751453618539185,-0.002094464262089483,-0.0028120526585021202,-0.003617253311426885,-0.0044981078107509944,-0.005441534175834655,-0.006433521142101892,-0.00745933624885958,-0.008503744637936638,-0.009551235313662029,-0.010586251503889282,-0.011593421700869098,-0.012557787950673846,-0.01346502800074175,-0.014301668006323447,-0.0150552826368294,-0.015714679610204264,-0.01627006591472346,-0.016713193249573485,-0.01703748052421115,-0.017238111597205855,-0.017312106803000285,-0.017258367204312085,-0.017077690912963538,-0.016772761236750987,-0.016348106828390357,-0.015810034428385352,-0.015166535200685352,-0.014427166052185756,-0.013602907698650303,-0.012706001584984397,-0.011749768081832236,-0.010748408658545316,-0.00971679497054335,-0.008670247993429659,-0.007624310484042738,-0.006594516147732037,-0.005596158940060915,-0.004644065929146098,-0.0037523770919593775,-0.0029343353149408214,-0.0022020897177210466,-0.0015665152208842472,-0.0010370510374549087,-0.0006215604867467006,-0.000326214212543081,-0.00015539853999092945,-0.00011165033224188554,-0.00019561931431551314,-0.000406058423730233,-0.0007398423312094072,-0.0011920138564027437,-0.001755857589281775,-0.002422999623823339,-0.003183531922790323,-0.004026159466609512,-0.0049383680009708626,-0.0059066098918494955,-0.006916505327732037,-0.007953055880897977,-0.009000867256059003,-0.010044377918211927,-0.011068090204246523,-0.01205680048596212,-0.012995824966235022,-0.013871217754931515,-0.01466997798582165,-0.015380242898501345,-0.015991464017775334,-0.016494563813977736,-0.01688207051759515,-0.017148229085997526,-0.017289086674258016,-0.017302551340695003,-0.01718842311527282,-0.016948396969449907,-0.01658603764336796,-0.016106726704234766,-0.015517582622161994,-0.014827355050448347,-0.014046294880401195,-0.013186002000572922,-0.012259253021410657,-0.011279811523860466,-0.010262223650013632,-0.009221602071571276,-0.008173401544515194,-0.0071331893833247294,-0.006116414263535235,-0.005138176786258763,-0.0042130052121202724,-0.0033546396952887723,-0.0025758282220454953,-0.0018881372844987082,-0.0013017801012196017,-0.000825464935974362,-0.00046626576724054106,-0.00022951722925661713
25,-0.0003014600135302336,-0.0005905644991385996,-0.001003451719950873,-0.001533989695449068,-0.0021742991589331073,-0.0029148705761823913,-0.003744705375979646,-0.004651479295017596,-0.00562172541127606,-0.006641034147556608,-0.00769426727482794,-0.008765782737119783,-0.009839666958985128,-0.010899971185424632,-0.011930948344279208,-0.012917286913336583,-0.013844338318882873,-0.014698334488496577,-0.01546659232710831,-0.016137702079555553,-0.016701696782173654,-0.017150200286817525,-0.017476551658941103,-0.017675904102240195,-0.017745296940682918,-0.017683699588889105,-0.017492026857834075,-0.017173125368564482,-0.0167317312757027,-0.016174399928607502,-0.015509408514826,-0.014746633131724264,-0.013897402111963195,-0.012974327781151353,-0.011991119146319932,-0.010962378297071147,-0.009903383543141187,-0.008829862509102794,-0.007757758556083521,-0.006702993999480526,-0.005681233639234632,-0.004707652114587107,-0.003796708538440642,-0.0029619317583361336,-0.0022157194332333885,-0.001569153910100759,-0.0010318376348159707,-0.0006117505417678416,-0.0003151315401320684,-0.00014638585692370432,-0.00010801961291804826,-0.0002006026030831647,-0.00042275983428925615,-0.000771191945972423,-0.001240724210475807,-0.0018243833853415006,-0.002513501276183578,-0.0032978434720824564,-0.004165761341590386,-0.005104365031985462,-0.006099714902480637,-0.007137028548325176,-0.008200900341185787,-0.009275530225312002,-0.010344958371526802,-0.011393302204086846,-0.012404992280215936,-0.013365003519155157,-0.01425907834663821,-0.01507393844077146,-0.01579748193457941,-0.01641896314647076,-0.016929152169363047,-0.0173204719483338,-0.017587110810994035,-0.017725108779343055,-0.017732416381247115,-0.017608925088105055,-0.017356468926657143,-0.016978797240999398,-0.01648151900932706,-0.015872019542385922,-0.015159350800780791,-0.014354096960090466,-0.013468217220344095,-0.012514868194368695,-0.011508208512800936,-0.01046318854766638,-0.009395328377436953,-0.00832048729111404,-0.0072546282545369115,-0.006213580836938496,-0.005212806118636282,-0.004267167071323854,-0.0033907078211519795,-0.002596445072867254,-0.0018961747926637383,-0.001300297020792275,-0.0008176614157167482,-0.0004554358237118952,-0.00021899982583847936
26,-0.00030758108998789606,-0.0006067629004202628,-0.0010308588615508408,-0.0015735705266360048,-0.0022268378318387907,-0.0029809587999929995,-0.0038247336291868956,-0.004745631026240707,-0.005729974314780826,-0.006763144553934111,-0.007829797651030763,-0.008914092243875049,-0.009999924968197163,-0.011071169616219886,-0.012111916634485055,-0.013106709404045633,-0.014040773793916474,-0.014900237578577887,-0.015672336460861552,-0.016345603640475485,-0.016910040112798858,-0.017357263168758796,-0.017680630890349353,-0.01787534079285073,-0.017938501148767824,-0.017869173934222743,-0.01766838875998456,-0.017339127580239963,-0.016886280406202096,-0.016316572682275307,-0.015638465403346322,-0.014862029456606383,-0.013998796054112677,-0.013061585477384726,-0.012064316677429174,-0.011021800557912412,-0.009949520011528533,-0.008863399976345065,-0.007779570927126592,-0.006714129314137715,-0.005682898507259055,-0.004701193795747968,-0.003783594933740587,-0.0029437296095294312,-0.0021940710544140537,-0.0015457527969306337,-0.0010084033136315005,-0.0005900030320931675,-0.0002967658098675602,-0.00013304664958783263,-0.00010127702079495626,-0.0002019287490505072,-0.0004335070086353469,-0.0007925725229030092,-0.0012737926425797834,-0.0018700205434241462,-0.0025724013670437498,-0.0033705037285239234,-0.004252474637785759,-0.005205215533865374,-0.006214576817746286,-0.0072655679946483824,-0.008342580304851027,-0.009429618536657343,-0.010510538578736729,-0.011569287183845247,-0.012590140383081044,-0.013557937009874024,-0.014458303865534938,-0.015277869182327666,-0.0160044612138224,-0.016627289003174055,-0.017137102644650824,-0.017526330658294554,-0.017789192437497874,-0.0179217840994866,-0.01792213646370203,-0.017790244297018996,-0.01752806639146546,-0.017139496473289384,-0.016630305375415638,-0.016008055332117237,-0.015281987668750146,-0.014462885554524012,-0.013562913856631439,-0.012595438474136607,-0.011574827834779599,-0.010516239502761128,-0.009435395066692462,-0.008348346650957503,-0.007271238518133127,-0.006220067303022611,-0.0052104444391778935,-0.004257364306225166,-0.0033749815413455235,-0.002576400822162788,-0.0018734822430689605,-0.0012766651754357898,-0.0007948132276462195,-0.00043508260751545574,-0.00020281584211432566
27,-0.0003080575454748432,-0.0006133793744086662,-0.0010428018265164788,-0.0015899473488550579,-0.002246690028307229,-0.003003276273304323,-0.0038484696689594137,-0.004769717854301177,-0.005753338943235672,-0.006784724720612645,-0.007848557595635674,-0.008929038090541238,-0.010010119486005368,-0.011075746138449773,-0.012110091929886576,-0.013097795308971273,-0.014024187432560262,-0.014875510019535621,-0.015639119681449588,-0.016303675695377794,-0.016859308430280315,-0.017297765925491204,-0.01761253644443185,-0.017798945183445235,-0.017854223699483487,-0.017777551025545617,-0.017570065863241058,-0.017234849671401403,-0.01677688090189941,-0.016202961062340274,-0.01552161370370279,-0.0147429578331118,-0.01387855763174807,-0.012941250709804845,-0.011944957449156465,-0.010904474265280484,-0.009835253858796456,-0.008753175720208261,-0.007674310296190659,-0.00661468031989739,-0.005590022849884335,-0.004615555551719944,-0.00370575069334217,-0.002874120210663693,-0.0021330150355151007,-0.001493441666200888,-0.0009648987048641448,-0.0005552357893199606,-0.0002705370144263469,-0.00011503057435629168,-9.102596771587879e-05,-0.00019887969810426762,-0.0004369899795125758,-0.0008018205251943745,-0.001287953066707967,-0.0018881678231459904,-0.0025935507254658315,-0.0033936258034831072,-0.004276510769386343,-0.005229093487130533,-0.006237226706879369,-0.007285938172405428,-0.008359652981044042,-0.009442424893830667,-0.010518173160526535,-0.011570921342333926,-0.012585034585433575,-0.013545451821484724,-0.014437909446568767,-0.015249153156618496,-0.01596713479326365,-0.01658119127664541,-0.017082202967784288,-0.017462729108588232,-0.017717118328018398,-0.01784159257323394,-0.017834303219215284,-0.01769535852355575,-0.017426822018677512,-0.017032681865350188,-0.016518791622656542,-0.015892783314059078,-0.015163954080663017,-0.014343128105041387,-0.013442495856255678,-0.012475433043519193,-0.01145630196730628,-0.010400238218135942,-0.009322925890863126,-0.008240364652878085,-0.007168632125589941,-0.006123645108179169,-0.005120923189795892,-0.004175358260909473,-0.0033009933469033996,-0.002510814048561924,-0.001816555686861148,-0.0012285290162487332,-0.0007554670948252204,-0.0004043955856281816,-0.0001805284152368989
28,-0.0003018703687175736,-0.000608646803247528,-0.0010365155329906239,-0.0015791220800584972,-0.0022284079417708405,-0.0029747302712340496,-0.003807005087753685,-0.004712871890197101,-0.005678877228555372,-0.006690674507398826,-0.007733237053850834,-0.008791081285709263,-0.009848496665340947,-0.010889779024196883,-0.011899463792737484,-0.012862555671961103,-0.013764751335577313,-0.014592651855370582,-0.015333961694927328,-0.01597767131637654,-0.016514220688167228,-0.016935641265551693,-0.017235674335157013,-0.017409863966053773,-0.017455623186862727,-0.017372272406072246,-0.01716104950496858,-0.016825091453283966,-0.016369387720597418,-0.015800706175396913,-0.015127492572310716,-0.014359745120269716,-0.013508865994447582,-0.012587491997243983,-0.011609306883243352,-0.010588838135399146,-0.009541241210614858,-0.008482074458991302,-0.007427068059518926,-0.006391890403859857,-0.005391915397761674,-0.004441994136019423,-0.0035562343419459196,-0.002747790846999077,-0.0020286702222497514,-0.0014095524631998575,-0.0008996323761923174,-0.0005064830220574675,-0.00023594324505765604,-9.20309574901856e-05,-7.688346779955344e-05,-0.00019072573841376057,-0.000431867044722425,-0.0007967260848158924,-0.0012798841670686807,-0.0018741656856539792,-0.002570744688809364,-0.003359275957159477,-0.004228048645389526,-0.005164160205466421,-0.006153708008391783,-0.007181995818624076,-0.00823375205472063,-0.009293356594710228,-0.010345072757803301,-0.011373281017171465,-0.012362710972819001,-0.013298668139409277,-0.014167252180913428,-0.014955563350978873,-0.015651894073073,-0.01624590281515814,-0.016728767676602852,-0.017093317406339133,-0.017334137906453766,-0.017447652639479377,-0.017432175745218947,-0.017287937078241243,-0.017017078794203444,-0.016623623535699378,-0.01611341469011964,-0.015494029606782696,-0.014774667062189061,-0.013966010644704971,-0.013080070087613107,-0.012130002906967226,-0.011129918993189693,-0.01009467105851437,-0.009039634052435165,-0.007980476821167178,-0.006932929402309725,-0.00591254941072793,-0.004934490985164677,-0.004013279727064492,-0.003162596974097431,-0.0023950766122384738,-0.0017221174440391626,-0.0011537138996992385,-0.0006983076051267651,-0.0003626620114175892,-0.00015176194769174375
29,-0.0002880018211201999,-0.0005907992023672986,-0.0010092477522517852,-0.0015371328963660947,-0.0021666147664452253,-0.0028883446339037972,-0.0036916037521604705,-0.004564462545738558,-0.005493957781950225,-0.006466285093906157,-0.007467003995600629,-0.00848125234429856,-0.009493967065142887,-0.010490107859898365,-0.011454880577429426,-0.012373956928532581,-0.013233687282036357,-0.014021303381834152,-0.014725107974205922,-0.015334648529183703,-0.01584087247594515,-0.016236261646761046,-0.016514943932807828,-0.016672780493591978,-0.01670742722479887,-0.016618369571678285,-0.016406930170936793,-0.016076249207643643,-0.01563123777887907,-0.01507850495674298,-0.01442625963394546,-0.013684188609715799,-0.012863312726633245,-0.011975823194958312,-0.011034900535288005,-0.010054518828502558,-0.009049238180178493,-0.00803398848167591,-0.007023847679364407,-0.006033817845015707,-0.00507860237304464,-0.0041723876135473775,-0.003328632184205064,-0.0025598670900813317,-0.0018775096198266356,-0.0012916937822041894,-0.0008111198012034034,-0.00044292490495928473,-0.00019257732745149174,-6.379509721328902e-05,-5.8490819157306633e-05,-0.00017674326958871071,-0.00041679622626155006,-0.0007750845508537726,-0.0012462871364977014,-0.001823405934017814,-0.002497869883219903,-0.0032596622057002853,-0.00409746916868939,-0.004998848110569427,-0.005950412232639952,-0.00693802941270385,-0.007947032087799236,-0.0089624350890121,-0.009969158193202753,-0.010952250086426944,-0.011897110412866375,-0.012789706611516821,-0.01361678232029013,-0.014366054252425603,-0.015026394621305065,-0.015587996404397623,-0.016042518991921172,-0.016383212057124976,-0.016605015808537776,-0.016704636135288786,-0.01668059352948326,-0.01653324505906366,-0.016264779064827213,-0.015879182660357125,-0.015382182517540588,-0.014781159817096184,-0.014085040627219388,-0.013304163338384346,-0.012450125123089333,-0.011535609700843894,-0.010574198966339586,-0.009580171278403521,-0.008568289405437031,-0.007553581276663446,-0.006551116795348054,-0.005575784028642306,-0.004642068097960845,-0.0037638360536935028,-0.0029541309291777813,-0.0022249780325333196,-0.0015872063532068638,-0.0010502877356038567,-0.0006221962083136922,-0.0003092895580948772,-0.00011621490742152384
30,-0.0002654629345982827,-0.0005581186371611616,-0.0009583322325383328,-0.0014601599621289413,-0.002056148948473601,-0.0027374478814106507,-0.0034939384730077873,-0.004314385728971452,-0.005186604804782234,-0.0060976419684990995,-0.007033966982668484,-0.007981674048185918,-0.008926688325798486,-0.009854974968101176,-0.010752747557595928,-0.011606672855202171,-0.012404068818403717,-0.013133092948171617,-0.01378291816743607,-0.014343893619053024,-0.014807687995181052,-0.015167413269416213,-0.015417726994082122,-0.015554911643409816,-0.015576929824245321,-0.015483454534324769,-0.015275874018737421,-0.014957271152450914,-0.014532377655098537,-0.01400750381800602,-0.013390444787114536,-0.012690364793635781,-0.011917661051783879,-0.011083809344902135,-0.010201193593256814,-0.009282921934666573,-0.008342632049439472,-0.007394288620827734,-0.006451975939009091,-0.005529688728730536,-0.004641124307129379,-0.0037994791584939538,-0.003017252947125641,-0.002306062878999879,-0.0016764711692265814,-0.0011378281776716808,-0.0006981335424055199,-0.00036391737335019186,-0.00014014327057409087,-3.013460755424304e-05,-3.552517420820516e-05,-0.0001562349127186538,-0.0003904711065093019,-0.0007347550047142201,-0.0011839734867279458,-0.0017314549995423633,-0.0023690686400891395,-0.003087344911070341,-0.003875616356875302,-0.004722175990935038,-0.005614451161634851,-0.006539190274622548,-0.007482659598411007,-0.008430847230424431,-0.009369671194292868,-0.010285188577845383,-0.011163802605795931,-0.011992464571789312,-0.012758867630819352,-0.013451629573919592,-0.014060461870652179,-0.014576322468867947,-0.014991550082436404,-0.015299977972576106,-0.015497025532965962,-0.01557976631846424,-0.015546971507109032,-0.015399128149925872,-0.015138431937505935,-0.014768754590782019,-0.014295586360296583,-0.01372595448793273,-0.013068318842070263,-0.012332446276138189,-0.011529265576523154,-0.01067070515407019,-0.009769515889694418,-0.008839081765107398,-0.007893221091067139,-0.006945981285206437,-0.0060114302472873676,-0.0051034474302664445,-0.004235517710071076,-0.003420531115423376,-0.0026705913920167445,-0.0019968362441488,-0.0014092719234843555,-0.0009166246215491965,-0.0005262108729936876,-0.00024382889432684774,-7.367247190134628e-05
31,-0.0002333239445402285,-0.0005089871214061185,-0.0008812692739328647,-0.0013446414663931853,-0.00189222194242955,-0.0025158783292248137,-0.0032063484151603396,-0.003953377707237107,-0.004745871725329502,-0.005572060771479822,-0.00641967472716695,-0.0072761252825544916,-0.008128692891346179,-0.008964715674694979,-0.009771777468666282,-0.010537892222474254,-0.011251682008907575,-0.011902546003228216,-0.012480817920959807,-0.012977909576382578,-0.013386438429681636,-0.013700337228485824,-0.013914944115460098,-0.014027071863721124,-0.014035055211828965,-0.013938775595360685,-0.013739662907765907,-0.013440674264352808,-0.013046250084790743,-0.01256224814636851,-0.011995856587414177,-0.011355487152903132,-0.01065065026771368,-0.009891813792875489,-0.009090247562487315,-0.008257856010159284,-0.007407001370721997,-0.0065503200829164256,-0.005700535119753467,-0.004870267033713264,-0.004071846523038987,-0.0033171313027915324,-0.002617330000397235,-0.001982835691099089,-0.0014230715455531265,-0.0009463508819299209,-0.0005597537009524561,-0.0002690215375062477,-7.847219042922952e-05,9.064403130894397e-06,-7.711803568104589e-06,-0.00012855165926298738,-0.0003516605149465276,-0.0006737248770362638,-0.0010899616176116857,-0.0015941890108759683,-0.002178918540846255,-0.002835466116794299,-0.003554081044724392,-0.004324090839473813,-0.005134059726763009,-0.005971958481208699,-0.006825343077955298,-0.007681539504686974,-0.008527831989290496,-0.00935165184771233,-0.010140764147342368,-0.010883449413699689,-0.011568677681808802,-0.012186272307349923,-0.01272706110474556,-0.013183012567562876,-0.013547355148158285,-0.013814677825087,-0.013981010464703982,-0.014043882783468771,-0.01400236103527746,-0.013857061878961201,-0.013610143219998518,-0.013265272162455601,-0.012827570547114772,-0.0123035388846305,-0.011700959813416378,-0.011028782516055442,-0.01029698981081937,-0.009516449892182494,-0.008698754922200931,-0.007856048869912577,-0.0070008471555932615,-0.006145850778418697,-0.005303757688006934,-0.00448707420125148,-0.003707929265181305,-0.002977894324316563,-0.0023078114677536335,-0.0017076324082480408,-0.0011862706846905353,-0.0007514692829874615,-0.0004096856413691554,-0.00016599574796532848,-2.4018754940241817e-05
32,-0.0001907471101609592,-0.0004419425660651089,-0.0007758123008296935,-0.001187397859443454,-0.001670586592980226,-0.0022182024403966925,-0.002822112503558747,-0.003473347832701763,-0.004162236628482786,-0.004878547882379755,-0.005611643322166376,-0.006350635405850498,-0.007084549017633698,-0.007802484464470222,-0.008493779352487636,-0.009148166939166775,-0.009755928609519186,-0.010308038211766922,-0.010796296108928943,-0.01121345095545068,-0.01155330739031606,-0.01181081804724082,-0.011982158515461333,-0.012064784137840939,-0.012057467802758886,-0.01196031816851682,-0.011774778049603727,-0.01150360298878561,-0.011150820333255818,-0.01072166942262517,-0.010222523777047923,-0.009660796441103903,-0.009044829889219095,-0.008383772127690467,-0.007687440833381424,-0.006966177546827849,-0.006230694085200554,-0.0054919134561169135,-0.004760807634964509,-0.004048234614982061,-0.003364777150141888,-0.0027205855857394433,-0.0021252271108850866,-0.0015875436717205968,-0.0011155206555566533,-0.0007161682961647995,-0.0003954175615289491,-0.00015803207027614545,-7.5373449565043936e-06,5.383154713507878e-05,2.5163187984798168e-05,-9.311665524641558e-05,-0.000299251353489378,-0.0005901795042835814,-0.0009615803980916614,-0.0014079381871702325,-0.0019226238039949208,-0.0024979934126314347,-0.0031255019309048165,-0.003795829937396915,-0.0044990220785164165,-0.005224634920094402,-0.00596189204769151,-0.006699844112150608,-0.0074275314434833865,-0.008134146818036463,-0.008809195961605912,-0.009442653404793853,-0.01002511137592589,-0.010547919520252665,-0.011003313370398855,-0.011384529660086497,-0.011685906768554077,-0.01190296880392472,-0.012032492076762177,-0.012072552976584864,-0.012022556540301491,-0.011883245288285198,-0.011656688196857449,-0.011346249970956651,-0.010956541073337031,-0.010493349252438002,-0.009963553585834953,-0.009375022315852629,-0.008736495994631811,-0.008057457674116522,-0.007347992068830361,-0.0066186357830821906,-0.0058802208269450075,-0.00514371374502717,-0.004420052747207921,-0.0037199852601853983,-0.0030539083124345202,-0.0024317141230922445,-0.0018626431880012847,-0.0013551470448007203,-0.0009167627552018526,-0.0005540009685725811,-0.0002722492292499512,-7.569196360836605e-05,3.275166480619503e-05
33,-0.00013702123280572915,-0.00035573760718011046,-0.0006400586142376445,-0.0009857616702115082,-0.0013877125779228998,-0.0018399417771359236,-0.002335733001278274,-0.002867723023846004,-0.0034280110131113574,-0.004008275871056642,-0.0045998998138782575,-0.005194096358709918,-0.005782040815774117,-0.006355001347962145,-0.006904468651416022,-0.007422282331165318,-0.007900752094955596,-0.008332771965362147,-0.008711925813972229,-0.009032582650297822,-0.009289980250239483,-0.009480295882095481,-0.009600703079731763,-0.009649413619747554,-0.009625704079214415,-0.009529926579567229,-0.009363503557084719,-0.009128906637625393,-0.0088296199293602,-0.008470088278658507,-0.008055651257603408,-0.007592463863518498,-0.007087405108234486,-0.006547975854678983,-0.005982187418065692,-0.005398442586119066,-0.004805410825358186,-0.004211899526809632,-0.0036267232033390245,-0.003058572581213166,-0.0025158855300742816,-0.0020067217482061823,-0.0015386430641990915,-0.001118601132709671,-0.0007528341921982343,-0.0004467744179424302,-0.0002049672462708173,-3.100386816986441e-05,7.253210516686956e-05,0.00010410301275253983,6.323998032683044e-05,-4.9450116173904734e-05,-0.000232293663613949,-0.00048257516726683385,-0.0007965775798928657,-0.0011696375053398636,-0.0015962144568124003,-0.0020699731412231674,-0.002583877547582667,-0.0031302954420772667,-0.0037011117179299386,-0.004287848916632791,-0.00488179313063361,-0.005474123417637611,-0.006056042804531904,-0.00661890893533252,-0.007154362422840357,-0.007654450997796011,-0.008111747611735923,-0.008519460739550441,-0.008871535243587714,-0.009162742301324734,-0.009388757061047172,-0.009546222872237548,-0.009632801136756217,-0.00964720604045213,-0.009589223649387933,-0.009459715087072601,-0.009260603745514885,-0.008994846720032394,-0.008666390892050915,-0.008280114312129275,-0.007841753753757308,-0.00735781951385947,-0.00683549872534149,-0.006282548617630475,-0.005707181310445716,-0.005117941851782346,-0.00452358131142116,-0.003932926814713762,-0.0033547504468304417,-0.0027976389744356228,-0.0022698663196147758,-0.0017792706800019863,-0.0013331381200542194,-0.0009380943623131017,-0.000600006385711678,-0.0003238952923363593,-0.00011386173670021232,2.697497498830296e-05,9.652321109524585e-05
34,-7.159704582925718e-05,-0.00024939990980980305,-0.00047254215495353357,-0.0007377097917955567,-0.0010409646921953817,-0.001377803076313142,-0.0017432224003426063,-0.0021317956516205246,-0.002537751947720505,-0.0029550622425172195,-0.0033775288663597585,-0.003798877570551789,-0.004212850709142672,-0.004613300174143421,-0.004994278703943461,-0.005350128208864151,-0.005675563802085271,-0.0059657522879618015,-0.006216383942064787,-0.006423736516907034,-0.006584730522775143,-0.006696974962666186,-0.006758802842098452,-0.006769295926423256,-0.006728298377955605,-0.006636419070392282,-0.006495022546144846,-0.006306208750884395,-0.006072781846269878,-0.005798208564036565,-0.005486566719947589,-0.005142484652251801,-0.004771072484075694,-0.004377846230603616,-0.00396864587816576,-0.003549548651879852,-0.0031267787599490054,-0.002706614955045286,-0.0022952972856278386,-0.001898934422075544,-0.0015234129339765131,-0.0011743098659401847,-0.0008568099103088263,-0.0005756284068756535,-0.00033494131317620557,-0.00013832318539703972,1.1305909023927394e-05,0.00011172375867963291,0.0001614390112910186,0.00015971332247469915,0.00010657232123943903,2.8052293578075243e-06,-0.00015004685973411846,-0.00034971386843354646,-0.0005932304489512394,-0.0008769800230734145,-0.0011967484936499999,-0.0015477868301152567,-0.0019248815985536119,-0.0023224323888362476,-0.0027345349889215387,-0.0031550690710595453,-0.0035777890876313246,-0.003996417026687041,-0.004404735649626921,-0.004796680826308878,-0.005166431596271063,-0.005508496618528289,-0.005817795726035715,-0.006089735373617199,-0.006320276858845057,-0.006505996302691915,-0.0066441354991536115,-0.006732642878651867,-0.006770203976850114,-0.006756260956375872,-0.006691020891523532,-0.006575452692897498,-0.006411272717669291,-0.006200919279157452,-0.005947516434300104,-0.005654827586829672,-0.005327199595210321,-0.004969498215417281,-0.00458703583732749,-0.004185492587942008,-0.0037708319731729373,-0.003349212311038424,-0.002926895271611726,-0.0025101528820413387,-0.002105174377752979,-0.001717974283230175,-0.0013543030875084459,-0.0010195618409829831,-0.0007187219418922911,-0.0004562513037665093,-0.00023604800036139493,-6.138237354854216e-05,6.515153605559973e-05,0.00014167451439586114,0.0001670500830618824
35,5.877477803090927e-06,-0.00012229232930459618,-0.00027232578253831466,-0.0004419946651698621,-0.0006287791455590943,-0.0008299052003478788,-0.0010423858127735909,-0.0012630653342470596,-0.0014886663503601964,-0.0017158383552946803,-0.0019412075117450972,-0.002161426757349002,-0.0023732255134697555,-0.002573458258083884,-0.002759151241394468,-0.0029275466503750937,-0.0030761435663362573,-0.003202735107234178,-0.0033054412031044687,-0.0033827365178572414,-0.003433473102754184,-0.0034568974451301927,-0.0034526616591611147,-0.003420828652478211,-0.003361871191897624,-0.0032766648821400857,-0.0031664751618171805,-0.003032938509812837,-0.0028780381411728537,-0.002704074553454085,-0.00251363136096321,-0.0023095369242967204,-0.002094822345039719,-0.0018726764494638366,-0.0016463984297822427,-0.0014193488463087518,-0.0011948997182105886,-0.0009763844440804346,-0.0007670482960805307,-0.0005700002228935983,-0.000388166677277152,-0.0002242481539499585,-8.067908328649375e-05,4.040832354291915e-05,0.00013721574103381221,0.00020830543711764128,0.0002526216255907101,0.00026950614608705714,0.00025870823872475645,0.00022038826825777495,0.00015511534242427713,6.385885986241079e-05,-5.2025886880588694e-05,-0.00019081783942959997,-0.00035045573382150747,-0.0005285687132968883,-0.0007225115389984862,-0.0009294038756462091,-0.001146173068738522,-0.0013695997779763346,-0.0015963657891858928,-0.0018231032946638209,-0.0020464449100586206,-0.0022630736849648773,-0.0024697723644993997,-0.0026634711702526914,-0.0028412933909986015,-0.0030005981060733044,-0.003139019406918623,-0.003254501534292648,-0.003345329409308108,-0.0034101541048681726,-0.003448012879211356,-0.003458343474038037,-0.003440992464870482,-0.0033962175396312524,-0.0033246836715997924,-0.0032274532435843713,-0.003105970269979944,-0.002962038951037506,-0.0027977968778453524,-0.0026156832859677926,-0.0024184028292211,-0.002208885411599338,-0.001990242673904839,-0.00176572178132067,-0.0015386571982472731,-0.0013124211666179799,-0.0010903736231624344,-0.0008758122994206659,-0.0006719237455952115,-0.0004817360056091661,-0.0003080736462148393,-0.00015351580803670364,-2.035790155207923e-05,8.94224831194183e-05,0.00017419494632836373,0.00023270049272044828,0.0002640702291631312,0.00026783826908249463,0.00024394865156182084
36,9.552296719143153e-05,2.5828880093778383e-05,-3.9090286596388094e-05,-9.827038808280987e-05,-0.0001508325131009139,-0.00019599603703858277,-0.00023309021535601658,-0.0002615641451254731,-0.0002809949467473499,-0.000291094044332182,-0.00029171145147564794,-0.0002828379987765536,-0.00026460547001588364,-0.00023728464497445615,-0.00020128127795621988,-0.00015713007174201045,-0.00010548673646937519,-4.711825137578354e-05,1.7108525967452805e-05,8.623973376090804e-05,0.00015924867222312424,0.00023505105158748256,0.00031252109539482015,0.000390508259924211,0.000467854321453914,0.0005434105775815766,0.0006160549071389104,0.0006847084353360606,0.0007483515566338427,0.0008060390773807378,0.0008569142533242707,0.0009002215135191301,0.0009353176816633661,0.0009616815282093697,0.0009789215113867708,0.0009867815921717278,0.0009851450368417733,0.0009740361506427341,0.0009536199168201913,0.0009241995463764273,0.0008862119749425267,0.0008402213736437257,0.0007869107703311168,0.0007270719056167584,0.0006615934743648951,0.0005914479272704119,0.0005176770285403985,0.0004413763841684701,0.0003636791705796149,0.0002857393052990397,0.00020871430958530017,0.00013374811754269714,6.195408702283287e-05,-5.601535371675909e-06,-6.791544961233162e-05,-0.00012406220272102758,-0.00017320793310345814,-0.00021462275461624978,-0.0002476915964461791,-0.00027192333781344993,-0.0002869581018352397,-0.00029257260022499823,-0.00028868344945083254,-0.0002753484091031987,-0.0002527655240803098,-0.0002212701833310608,-0.0001813301388374662,-0.00013353855881199656,-7.860521828006659e-05,-1.7345957880348165e-05,4.9329432564688795e-05,0.00012043072576142008,0.00019490196327201243,0.0002716371380452739,0.00034949662024273947,0.000427324082412482,0.0005039636726469118,0.0005782771806781065,0.0006491609419688711,0.000715562228749066,0.0007764948845663281,0.000831053970155044,0.0008784292031110892,0.0009179169917734034,0.0009489308845916067,0.0009710102797912605,0.0009838272659854542,0.0009871914921396226,0.000981052994563445,0.0009655029389449127,0.0009407722664062017,0.0009072282636894556,0.0008653691084102256,0.0008158164703895556,0.0007593062789457652,0.0006966777932652368,0.0006288611381731236,0.0005568634904161385,0.00048175412061139325,0.0004046485130101365,0.00032669179892137875
37,0.00019719680531672762,0.00019475977790926757,0.00022678289116566413,0.00029279055490846544,0.0003918024585644451,0.0005223481302137617,0.0006824887752536261,0.0008698460703404643,0.001081637484978115,0.0013147176061749188,0.0015656248524377216,0.0018306328833317545,0.002105805941098863,0.00238705730242997,0.002670209972297344,0.002951058718454175,0.003225432525298321,0.003489256539568584,0.003738612587889439,0.003969797367389579,0.004179377445178647,0.004364240249858941,0.004521640297773746,0.00464923996746449,0.004745144216776288,0.004807928727012095,0.004836661056153378,0.004830914486991055,0.004790774364501605,0.004716836828349055,0.004610199959337036,0.0044724474712990615,0.004305625190626407,0.004112210672747032,0.003895076406795386,0.0036574471549377227,0.0034028520599264766,0.0031350722321567067,0.0028580845946335875,0.0025760028198357444,0.0022930162356482437,0.0020133276077020914,0.0017410907221432777,0.0014803486958191849,0.0012349739300661921,0.0010086105998729387,0.0008046205325393876,0.0006260332796130492,0.00047550112360720057,0.00035525968771730505,0.0002670947335391891,0.00021231563989143091,0.00019173595662036155,0.0002056613221921837,0.00025388492451369456,0.0003356905723950577,0.0004498633320388814,0.0005947075705882237,0.0007680721387602678,0.0009673823185667768,0.0011896780616506687,0.0014316579503436061,0.0016897282285581509,0.001960056174334111,0.002238627021378374,0.002521303584229974,0.0028038877015292524,0.003082182584868587,0.003352055147252527,0.0036094973854989645,0.0038506859049619252,0.004072038702547177,0.004270268364709374,0.004442430890362499,0.004585969413611888,0.0046987521769611094,0.004779104191035901,0.0048258321106319346,0.0048382419576404895,0.004816149427640767,0.004759882627090718,0.004670277200465124,0.004548663919710132,0.004396848920328929,0.004217086877621748,0.004012047521452346,0.0037847759868456484,0.003538647589268647,0.003277317696247335,0.0030046674398003658,0.002724746075938805,0.0024417108472781952,0.0021597652418912498,0.001883096565347702,0.0016158137530879687,0.0013618863467083546,0.0011250855404488886,0.0009089281734303373,0.000716624499437732,0.0005510305099452854,0.00041460551845627164
38,0.0003104648215501792,0.0003838004574868494,0.0005241384206839225,0.0007293944866537396,0.0009965203019130897,0.0013215486565013534,0.0016996524028642108,0.0021252161460715148,0.002591919640663987,0.0030928316555638487,0.00362051291301728,0.004167126572775119,0.004724554620659285,0.0052845184329741715,0.005838701726204995,0.006378874066019526,0.006897013101283782,0.007385423707736851,0.007836852271867404,0.008244594417707848,0.008602594576646177,0.008905535921497103,0.009148919329180303,0.009329130199293816,0.00944349213622893,0.009490306697568587,0.009468878618447167,0.009379526137252995,0.009223576269321734,0.009003345098813278,0.0087221033814666,0.008384027969082096,0.007994139777149203,0.0075582292168907385,0.007082770199167476,0.0065748239874112435,0.006041934327511195,0.005492015412128346,0.004933234343332266,0.004373889839162634,0.003822288985500335,0.0032866238636642094,0.002774849885993729,0.002294567646313366,0.0018529100399718198,0.0014564363298893521,0.0011110347318875591,0.0008218349660524102,0.0005931320728708352,0.0004283226255829478,0.0003298542860901389,0.0002991894535875828,0.0003367835457923108,0.000442078235322482,0.0006135097416774992,0.000848532055670961,0.0011436547513994386,0.0014944948241841674,0.0018958417846158832,0.0023417350419611747,0.0028255524276729086,0.003340108544301369,0.0038777614791799635,0.004430526298031387,0.004990193632947431,0.005548451603537309,0.006097009260536581,0.00662771971855829,0.0071327011492839446,0.007604453838169115,0.008035971566198622,0.008420845662510128,0.008753360182551437,0.009028576798236636,0.00924240813935772,0.009391678497024217,0.00947417098759577,0.00948866047665416,0.009434931774045387,0.009313782829769007,0.009127012883250775,0.00887739574199955,0.008568638586499398,0.008205326913144712,0.007792856432896454,0.007337352937064355,0.006845581320325464,0.0063248451121212445,0.005782878008538033,0.005227729015582974,0.004667642909644883,0.004110937790478134,0.0035658815452270514,0.0030405690581812033,0.0025428019898765127,0.0020799729109994385,0.0016589555118745691,0.0012860025180865605,0.0009666528283389858,0.0007056492536883106,0.0005068680798470119
39,0.00043457779626289114,0.0005917149282348366,0.0008509866297675295,0.0012085423360032458,0.001659071820530913,0.002195884060033164,0.0028110066057914123,0.003495303986237079,0.004238613382096693,0.005029895559156921,0.005857398817075791,0.006708833519360874,0.007571554612487661,0.008432749423481831,0.009279627946896272,0.010099612795141951,0.010880525991132083,0.011610769829094392,0.012279499117504302,0.012876782246077769,0.01339374868474383,0.013822720724020087,0.014157327500254146,0.014392599612288424,0.014525042924352412,0.014552690459101236,0.014475131610112858,0.014293518239995308,0.014010547573538416,0.013630422139971515,0.013158787359243562,0.01260264769926068,0.01197026264926935,0.011271024054332798,0.010515316632663295,0.009714363747332894,0.00888006072287847,0.008024798182293985,0.007161278028114234,0.0063023248005416215,0.005460695214223235,0.004648888702337407,0.0038789617816866167,0.003162348995748495,0.0025096930949421257,0.0019306869761821807,0.0014339297291499757,0.0010267989272056055,0.0007153410596080689,0.0005041817322855977,0.0003964569708066035,0.00039376664580259064,0.0004961507125438563,0.0007020886175451754,0.0010085218810141497,0.0014108995197598874,0.0019032456359649658,0.0024782481680287994,0.0031273674854016653,0.0038409632146175522,0.0046084374129726,0.005418391963511025,0.0062587978537712195,0.007117173824255344,0.007980771733430252,0.008836765886317923,0.009672443514868201,0.010475393581201364,0.011233691099714609,0.011936074240600789,0.012572111584530333,0.013132357044520879,0.01360849015417674,0.013993439638812675,0.014281488434249362,0.014468358593597611,0.014551274821041132,0.014529005689047955,0.0144018819268745,0.01417179150875138,0.013842151614698166,0.01341785788039068,0.012905211689794194,0.012311826590373763,0.011646515220753014,0.01091915843011134,0.010140558533088142,0.009322278879574862,0.008476472122016637,0.007615699730708351,0.006752745437545529,0.00590042537886487,0.005071397757031324,0.004277974847576206,0.003531940143855639,0.0028443733549001786,0.002225485855492532,0.0016844690322823119,0.0012293577782201115,0.0008669111626176765,0.000602512049060211
40,0.0005684540566519745,0.0008167013273001248,0.0012044591436055302,0.00172596873354661,0.0023734849151843406,0.0031373911239685605,0.004006342232819104,0.004967433043895098,0.006006389949701518,0.007107782917085756,0.008255254645849867,0.00943176349863847,0.010619836594236315,0.011801829305469275,0.012960187307784843,0.014077707286706188,0.015137792432272177,0.016124698925995756,0.017023769759649147,0.017821652413322803,0.018506497159920938,0.019068133050980263,0.019498218970165383,0.01979036751107435,0.019940239839587502,0.01994561013191494,0.019806398631342807,0.019524672832737396,0.01910461677721548,0.01855246891299998,0.017876429445318306,0.017086538551333283,0.01619452726879352,0.01521364327292533,0.014158454129034445,0.013044630942805387,0.011888715621408441,0.010707875201927923,0.009519646895694444,0.008341677634987665,0.0071914619902213196,0.0060860823499261155,0.005041955222236954,0.004074587425681031,0.0031983457901896967,0.0024262437886123775,0.001769748267567042,0.0012386091479577573,0.0008407146243559346,0.000581974013746821,0.0004662299935093687,0.0004952015320238097,0.0006684583594711803,0.000983427357970945,0.0014354307761536443,0.002017755700626363,0.002721753752577511,0.0035369695288808524,0.00445129588015924,0.005451153719702062,0.006521693692809389,0.007647016711478693,0.008810410079169278,0.009994595698846715,0.011181986678053327,0.012354948520043395,0.01349606102191179,0.014588376990145292,0.015615673931289991,0.016562694979761993,0.01741537548466708,0.018161051890485468,0.018788649809435846,0.01928884849236889,0.01965421925555626,0.0198793358075344,0.019960854837487566,0.019897565668314802,0.019690408236959667,0.019342459134968744,0.018858885916596825,0.018246870353050726,0.017515501772658423,0.016675642071018515,0.01573976439592711,0.014721767902847648,0.013636771332075866,0.01250088847328321,0.011330988852116605,0.010144447193012768,0.008958885379068802,0.007791910741244727,0.006660854563686559,0.005582514688749289,0.004572906044412111,0.0036470227991208092,0.0028186156764044602,0.0020999877364726574,0.0015018116577356533,0.0010329712318833323,0.000700429426555488
41,0.0007106694136999438,0.001056374577817666,0.0015807838468097054,0.0022761089742522954,0.0031320233626624884,0.004135815428609675,0.005272577388364279,0.0065254266603412305,0.007875756596185826,0.00930351281677935,0.010787491049168083,0.01230565204110231,0.01383544887624152,0.01535416182891546,0.016839235785357377,0.018268615220209002,0.01962107175340551,0.020876519422739662,0.022016312989846954,0.023023524849328666,0.02388319642850805,0.02458256034416338,0.02511123001688601,0.025461353927011026,0.025627732221194563,0.02560789393785891,0.02540213370459435,0.025013507362507514,0.024447786582501102,0.023713373147499793,0.02282117417365688,0.021784440123689557,0.020618568018082605,0.019340872766762437,0.017970330017300834,0.016527294338730604,0.01503319692635585,0.013510227317083835,0.011981003842271864,0.010468237712348859,0.008994395722045585,0.007581366585557329,0.006250135857048821,0.0050204742644107325,0.00391064408496658,0.0029371279238822007,0.0021143839233155786,0.001454631037810451,0.0009676675649084164,0.0006607256260660998,0.0005383637590494311,0.0006023992169650211,0.0008518809793874034,0.0012831038764065993,0.0018896636158329593,0.002662551896324937,0.003590290193869867,0.0046591002346932755,0.005853108622822972,0.007154582583289767,0.008544193319831458,0.010001303075853679,0.011504271635369644,0.013030777711932161,0.014558150452460084,0.01606370613264186,0.017525085043495637,0.01892058356582713,0.020229476500791106,0.02143232486947831,0.02251126461024876,0.023450271886236072,0.024235401062815593,0.024854991820722826,0.02529984232888833,0.025563345905119036,0.025641589135014024,0.025533409991905513,0.025240415094658263,0.024766955847024357,0.02412006381291809,0.023309346287383872,0.02234684361418048,0.02124685036902526,0.020025703064188962,0.01870153752733948,0.017294019557913525,0.015824052861166116,0.014313468597501653,0.01278470115773858,0.01126045497951671,0.009763367353113825,0.008315672224499008,0.006938869988640312,0.0056534081771197064,0.00447837778231396,0.0034312297281699116,0.002527515698401065,0.0017806571711863357,0.001201746090542607,0.0007993801346959245
42,0.0008594556210014348,0.0013077634930108223,0.0019752822122233193,0.0028520981470822253,0.003925189295550563,0.0051786186809317,0.006593771039336371,0.008149629283641751,0.009823086638045618,0.01158928980756179,0.013422008085884835,0.015294022919833127,0.01717753214476573,0.019044562887484764,0.02086738700441055,0.02261893288516293,0.024273187505662375,0.025805582759671868,0.02719336033119184,0.028415909688815712,0.02945507418233648,0.03029542069561947,0.030924468851002012,0.03133287636119777,0.031514577775958584,0.03146687456290261,0.03119047518467624,0.030689484577245088,0.029971343185577263,0.02904671646212784,0.027929336469234557,0.02663579793786084,0.025185311811513407,0.02359941993556829,0.021901675129286424,0.02011729139191965,0.018272769437858383,0.016395503122173194,0.014513372601707384,0.012654330273876408,0.01084598564258772,0.00911519527663315,0.0074876639502700765,0.0059875628896413355,0.004637170794631935,0.0034565429675154635,0.0024632134623143094,0.0016719346783928557,0.0010944582656999744,0.0007393605955393339,0.0006119153888828096,0.0007140153938827981,0.001044144275787341,0.001597399136734203,0.0023655633309716375,0.0033372284940934955,0.004497963973974909,0.005830531147111957,0.007315139437451981,0.008929740235461158,0.01065035435229862,0.012451428145924646,0.014306213030145856,0.01618716273033359,0.018066342385984722,0.019915843424352347,0.021708198043664723,0.02341678715024959,0.025016235691097517,0.0264827895106,0.027794668134582635,0.028932388242277004,0.02987905302219641,0.030620603114556968,0.03114602541338137,0.03144751662726771,0.03152059916970637,0.03136418765780379,0.03098060503180955,0.03037554805604844,0.0295580027136185,0.02854011075136899,0.027336989357159752,0.025966506647459957,0.024449016299623975,0.022807055269944473,0.021065009086811998,0.01924874968987052,0.017385251193784253,0.01550218928309222,0.013627530187720036,0.011789115343467351,0.01001424790587095,0.008329287258318944,0.006759257536564355,0.005327475983624975,0.004055206654540818,0.002961344613983971,0.002062135316848871,0.0013709333394305494,0.0008980040443896082
43,0.0010127084247999129,0.0015673241360362967,0.0023823917465329403,0.003445806307392239,0.004741774553429187,0.006251049456312462,0.007951216071150628,0.009817024431284517,0.011820764547307747,0.01393267794103256,0.01612139960251591,0.0183544238064385,0.02059858686977879,0.022820559681123245,0.024987342686831233,0.027066755982783533,0.02902791723313422,0.030841700318270614,0.032481167900388894,0.03392197148244979,0.03514271301905471,0.036125262708788825,0.036855028248350616,0.03732117154964788,0.03751676970129449,0.03743891778399333,0.03708877201284654,0.0364715325658662,0.03559636635370744,0.03447627087760662,0.03312788119743378,0.031571222876666576,0.029829414573415446,0.02792832469445916,0.025896187211480796,0.023763182345197788,0.0215609883448404,0.019322311019710728,0.017080398009967586,0.014868545010430095,0.012719601280697827,0.010665481785489728,0.008736693210630172,0.006961880894042588,0.005367403400487209,0.003976941058233032,0.0028111442714677443,0.0018873268315224433,0.001219208781688442,0.0008167126544607707,0.0006858161073844628,0.0008284631460767869,0.0012425352528938607,0.0019218828500234906,0.002856416629730792,0.004032257395369086,0.005431942187796515,0.007034683635920323,0.008816678679631228,0.010751462080141572,0.012810299467578487,0.014962614088501606,0.017176440915516282,0.019418901374791114,0.02165669164107901,0.023856577248345168,0.02598588667030907,0.02801299654050643,0.0299078013056395,0.031642160337179655,0.033190315860953654,0.03452927549785137,0.035639153734362106,0.036503467251602154,0.037109379726764626,0.03744789247133116,0.03751397807478827,0.03730665506904375,0.036829002504666516,0.03608811422247203,0.03509499349958635,0.033864389634650396,0.03241457889911269,0.03076709310780546,0.028946399839928978,0.026979539059631286,0.024895721532899664,0.022725895004864338,0.020502284580412426,0.018257914134140053,0.01602611585740127,0.01384003522640185,0.011732138743286682,0.009733731760987437,0.007874493552837588,0.006182036531854991,0.004681496165927987,0.0033951576792690345,0.0023421250841659668,0.0015380374583921828,0.0009948366819757185
44,0.0011680061197473955,0.0018309709824934183,0.002795715896267352,0.004047912984792355,0.005568965285594088,0.007336282942156789,0.009323618696408499,0.011501457698982408,0.013837455847997754,0.016296920146389605,0.01884332394377406,0.021438849410754898,0.02404494918913061,0.02662291887667339,0.02913447184424284,0.031542307848356425,0.033810666994487315,0.03590586082392111,0.03779677263675557,0.039455319620510285,0.04085686992106169,0.04198060846178629,0.042809846077963766,0.043332267375339024,0.04354011363178113,0.04343029802568115,0.04300445147977836,0.04226889843956664,0.04123456294600724,0.03991680639750607,0.038335199410627685,0.036513231167748746,0.03447796056826506,0.03225961436426753,0.029891138248961016,0.027407707564822407,0.024846204898198235,0.022244672318827968,0.019641746399338373,0.017076084405500055,0.014585790179158679,0.012207848240324662,0.009977574512830975,0.007928091831092204,0.006089838017455352,0.004490113835916534,0.003152677535752775,0.002097392006691125,0.001339929785877322,0.0008915402977231886,0.0007588827834627714,0.0009439274016575888,0.0014439259684536705,0.0022514527721407213,0.00335451485585691,0.00473673013058006,0.006377570673165209,0.008252667596097614,0.010334172961196396,0.012591173362321871,0.014990149034774773,0.017495471672942606,0.020069933562868063,0.02267530017134775,0.025272877984801725,0.027824089164674472,0.030291044484892112,0.03263710604241547,0.034827431383809684,0.036829490966758145,0.0386135512714526,0.04015311638695199,0.041425321514302504,0.04241127254232173,0.04309632665284821,0.04347030978805751,0.04352766775013579,0.043267548689260006,0.04269381575481628,0.041814989721968565,0.04064412244565558,0.03919860302141151,0.03749989953180486,0.03557324021394034,0.03344723878315347,0.031153469477390557,0.02872599813348694,0.02620087625955133,0.023615605617217206,0.02100858126550685,0.018418521337917475,0.015883892021378323,0.013442336276983784,0.011130114786837036,0.008981567429762272,0.007028603283763552,0.005300226729436801,0.0038221066923979806,0.002616195422108142,0.0017004024687859362,0.0010883287003325118
45,0.0013226393265299435,0.002094127095790125,0.0032081032388637494,0.004648023576947247,0.006392503182109727,0.008415633974823273,0.010687369496924299,0.013173971145565948,0.015838509240930082,0.018641411486111894,0.021541050673740708,0.024494362911035246,0.027457487181742672,0.030386416746529355,0.033237652707573805,0.03596885003096814,0.03853944643254947,0.040911264787282825,0.04304908011553622,0.04492114272566694,0.04649964974348771,0.04776115802570667,0.048686932324973085,0.04926322353576611,0.0494814728887677,0.04933843906113419,0.04883624631489227,0.04798235294853366,0.046789440530348766,0.045275225558546524,0.043462196345283796,0.041377279032261974,0.03905143769804941,0.036519214496121874,0.033818216653244304,0.03098855794702189,0.028072262957496256,0.02511264294052436,0.022153652592134285,0.019239237256853073,0.01641268027491605,0.013715960161212449,0.01118912716279796,0.008869708454013574,0.006792150802931716,0.00498730898635184,0.003481987551131922,0.0022985427273727,0.001454550405626555,0.000962545109156495,0.0008298338378904429,0.0010583875487602604,0.0016448118841018101,0.002580397582842503,0.003851249825795762,0.005438494594095898,0.007318558976046904,0.00946352125941948,0.011841525609810005,0.014417255176482392,0.01715245659937487,0.02000650812757703,0.022937022911881107,0.02590047851163186,0.028852863266773728,0.03175032993552334,0.03454984689018954,0.03720983719992929,0.039690796109120505,0.04195587774089866,0.04397144231244237,0.04570755573506473,0.0471384341793131,0.04824282700263544,0.049004332352575494,0.04941164075832663,0.04945870309295299,0.04914482041179247,0.04847465433280935,0.04745815780473418,0.04611042729118348,0.044451478566044346,0.04250594944988901,0.04030273390222057,0.03787455290381609,0.03525746850219355,0.032490348237338755,0.0296142879017589,0.026672001207715425,0.023707185425980874,0.020763872417307316,0.017885774694743936,0.015115636228736188,0.012494597636502524,0.010061585183556186,0.007852732671598243,0.005900844798589158,0.004234909960892871,0.0028796697330950444,0.0018552514193482094,0.001176869133399629
46,0.001473652466726984,0.002351794117012096,0.0036117571551290864,0.005234829282867527,0.007196905499721263,0.009468846097484104,0.012016909427634517,0.014803253014282062,0.017786495570410194,0.020922331570653926,0.024164189253301983,0.02746392227923283,0.03077252477563263,0.03404085914504823,0.03722038583074502,0.04026388420028279,0.04312615384113288,0.045764685853066804,0.04814029416764338,0.05021769751877055,0.051966043421229645,0.05335936637530959,0.05437697349254342,0.055003751815437346,0.05523039276704502,0.05505353039698144,0.05447579137072072,0.05350575595976302,0.052157830612024295,0.050452033994964854,0.04841369968903063,0.04607309994684437,0.043464996105875724,0.04062812233162007,0.03760461035845642,0.03443936377162751,0.0311793911231708,0.027873107786006747,0.024569616914673565,0.021317980191498692,0.01816648918869119,0.01516194816770058,0.012348978967318437,0.009769358303958073,0.007461397326171097,0.005459372637927739,0.0037930172407984876,0.002487078955292777,0.001560952879444246,0.0010283933431716596,0.0008973096363161589,0.0011696485440921196,0.0018413654344726358,0.0029024843269046777,0.004337246050244811,0.006124342289553792,0.008237232045810651,0.01064453580865776,0.013310501588131032,0.01619553588412366,0.019256791707905493,0.02244880492272011,0.025724169452864744,0.029034241333411814,0.03232986114439956,0.0355620841002858,0.03868290695176569,0.041645980904396994,0.04440729996614271,0.046925854500867475,0.049164240281552155,0.051089213997900174,0.052672186968229624,0.053889649723306905,0.0547235211564297,0.05516141705436814,0.055196834021086334,0.054829246062707615,0.05406411239929448,0.05291279638742783,0.051392396757702644,0.04952549367351261,0.04733981338252105,0.04486781644123687,0.042146215628163425,0.03921543070521735,0.03611898812500821,0.03290287459920982,0.029614854128473242,0.026303758636997538,0.023018762746867365,0.019808653462825586,0.016721105613731566,0.013801973811461903,0.01109461144270079,0.008639226807593714,0.006472285967543764,0.004625971170741122,0.0031277028985996214,0.0019997326314080926,0.001258812381228696
47,0.0016178971295562614,0.0025986423947593337,0.003998376448043921,0.005796311186721313,0.007965744644165886,0.010474457553164854,0.013285191849268707,0.01635620400766935,0.01964188499573812,0.02309343763402373,0.026659601305902177,0.030287413252882214,0.03392299514921167,0.0375123532739996,0.04100218039712614,0.044340647469757605,0.04747817336170297,0.050368161213881726,0.05296769046999311,0.05523815430969716,0.05714583301649491,0.058662394764950374,0.05976531638983315,0.060438217888140584,0.06067110568615528,0.06046052105866526,0.05980959149610394,0.05872798425673223,0.05723176279368129,0.05534314818912463,0.05309018913863202,0.050506345386920865,0.047629990801595766,0.04450384346495899,0.04117433124786335,0.03769090228776756,0.034105290611404604,0.03047074780864325,0.026841252168311243,0.023270707021475708,0.019812140197953944,0.016516916485303495,0.013433974786425277,0.010609101305112535,0.008084249553801891,0.005896917282410332,0.00407958958177734,0.0026592564324434175,0.0016570118638719064,0.0010877406771875246,0.0009598973840589793,0.0012753806448063858,0.002029505070511974,0.0032110708079144358,0.004802529873648529,0.006780246767523578,0.009114849494350121,0.011771665781128362,0.014711238011130714,0.017889909227355432,0.021260471502337806,0.02477286704508063,0.0283749316326338,0.03201316932527784,0.035633546959653255,0.03918229662044848,0.04260671417276545,0.04585594199578748,0.048881724293003186,0.05163912376152978,0.05408718897693664,0.056189562581933396,0.057915021246425044,0.059237939379737,0.060138669708203446,0.060603835065984143,0.060626527065587806,0.06020640869755406,0.05934971933553787,0.05806918207246428,0.056383814763945855,0.05431864758524746,0.05190435129648932,0.049176781736896116,0.04617644731302028,0.04294790738951983,0.03953911051726867,0.0360006823270861,0.03238517366489964,0.028746280134646127,0.025138044639835058,0.021614054767205147,0.01822664693250243,0.015026129107981848,0.012060033675267354,0.009372411499804527,0.007003177710928886,0.004987518903680284,0.0033553705662845166,0.0021309724942663822,0.001332508793952021
48,0.001752097208345197,0.002829121043122119,0.00435932654843352,0.006319987929258125,0.008681986489778623,0.011410243088702846,0.014464239115936818,0.01779861825334565,0.02136386008256877,0.025107015535830102,0.028972493267216133,0.032902885265660174,0.03683981944806625,0.040724826570315356,0.044500208581256626,0.04810989552335137,0.05150027825374119,0.054621004618608825,0.057425727256479445,0.05987279192448236,0.06192585612492314,0.06355442884465133,0.06473432339130611,0.06544801660115486,0.06568490908376351,0.06544148263848305,0.06472135250488689,0.06353521367116323,0.0619006820378617,0.05984203279594552,0.057389839904618496,0.054580522023209475,0.05145580164069205,0.04806208543555889,0.0444497750686135,0.040672518644419425,0.03678641395829988,0.03284917536183862,0.02891927662014913,0.025055082490741953,0.021313981921312307,0.017751535739736445,0.014420651494324532,0.011370797699167393,0.008647269154181353,0.0062905142509278806,0.0043355342547016455,0.0028113634844297505,0.0017406381104714856,0.0011392599743038022,0.0010161604228637335,0.0013731676649530425,0.0022049796196572423,0.003499242660020184,0.005236735082514419,0.007391652577517812,0.009931991461139638,0.012820023976844348,0.01601285860794387,0.019463077079499798,0.023119438589219873,0.026927640808491957,0.030831126351569545,0.03477192273566322,0.038691503357297125,0.04253165669817004,0.04623535085153955,0.04974758052964637,0.05301618397287271,0.05599261762834396,0.058632677092851214,0.0608971536130431,0.06275241639289256,0.06417091206032027,0.06513157387516302,0.06562013460114881,0.06562933839527113,0.06515904856769461,0.06421624961179931,0.0628149434742153,0.06097594160538766,0.05872655587902881,0.05610019297075438,0.05313585821997667,0.04987757634343284,0.04637373760360169,0.042676379142365155,0.03884041215316777,0.034922806369291536,0.030981743979802093,0.02707575553874541,0.023262850700615095,0.0195996566919416,0.01614057731396341,0.012936984966422187,0.010036457692117067,0.00748207257321834,0.005311765973446854,0.0035577701274596774,0.002246134444911523,0.0013963386385344606
49,0.0018729253369197958,0.0030375871264786843,0.004685840044182848,0.006793205117880543,0.00932838488684899,0.012253728214968496,0.01552578946528913,0.019095973731431532,0.02291125854318523,0.02691498132792282,0.031047680932868964,0.03524798071038978,0.03945350005118759,0.04360178082779791,0.04763121498934572,0.051481959531417695,0.05509682525240752,0.0584221260969974,0.06140847647278437,0.06401152469872502,0.06619261169261903,0.06791934511515293,0.0691660804436265,0.06991430183070915,0.07015289709191691,0.06987832273784224,0.06909465660016677,0.06781353726988242,0.06605399124715339,0.06384215036989581,0.0612108637176759,0.05819920975472155,0.05485191595744021,0.05121869454582445,0.047353504184106485,0.04331374861549204,0.03915942413242034,0.03495222854366773,0.030754644871437715,0.02662901338688308,0.022636605765687774,0.01883671511386069,0.015285775378186636,0.012036523219386218,0.009137214795392081,0.006630909086660679,0.004554828407188165,0.0029398055985803547,0.0018098261171541124,0.0011816718147482684,0.0010646717036221127,0.0014605634069470247,0.0023634673525548934,0.003759974093204435,0.005629343456530596,0.007943812567009488,0.01066900816535932,0.013764457101832574,0.01718418742182214,0.02087741111678257,0.024789278400610557,0.028861692309379308,0.033034171526421324,0.037244748618546514,0.04143089034326866,0.04553042635912949,0.04948247254641035,0.05322833522556654,0.056712382844410804,0.059882872188221394,0.06269271684233363,0.06510018649442695,0.06706952669083896,0.06857148984261785,0.06958376959509528,0.07009133210995391,0.07008663933976601,0.06956976097904846,0.06854837342919685,0.06703764579267167,0.06506001458958818,0.06264485054250188,0.059828022378120745,0.05665136412413059,0.05316205381255562,0.04941191281682049,0.04545663622838417,0.04135496570298579,0.03716781706093891,0.032957375597900414,0.028786172542065787,0.02471615637376032,0.020807772799690476,0.017119067045586564,0.013704821799505898,0.010615743608606218,0.007897709812583177,0.005591087197920389,0.003730132491934142,0.0023424836001508386,0.0014487491428943793
50,0.0019770897842660636,0.0032184525393871405,0.004969244303611026,0.007203463252594143,0.00988792795959907,0.012982770188325912,0.016442026994666833,0.02021432334380859,0.02424363510481366,0.02847012109109669,0.032831011789770534,0.03726154158093334,0.04169591060206976,0.04606826197247063,0.050313659864457766,0.05436905389561987,0.05817421551942334,0.061672632507421526,0.06481234823869512,0.0675467333318395,0.06983517815963775,0.07164369596155726,0.07294542759696876,0.0737210404427596,0.07395901551112827,0.07365581852344016,0.07281595239944656,0.07145189038232491,0.06958389079273215,0.06723969616304429,0.06445412122008054,0.061268535835371625,0.05773025062191994,0.053891814302239854,0.04981023328279158,0.045546125025274845,0.04116281778845815,0.03672541011069762,0.032299804001207334,0.02795172619861226,0.02374575203252354,0.01974434638522838,0.016006935996613455,0.012589026889959849,0.009541380026125385,0.006909257428860976,0.0047317499774039064,0.003041196849614708,0.001862705237776855,0.0012137774699841348,0.0011040510749105465,0.0015351556503808896,0.002500688661453935,0.003986310527452597,0.005969957585758413,0.00842216976954698,0.011306528132967742,0.014580195725880696,0.018194553785363658,0.0220959237956172,0.02622636469261526,0.030524533373848528,0.03492659573332395,0.03936717469161947,0.04378032114135556,0.04810049338812063,0.052263530540716335,0.05620760539445225,0.05987414265577125,0.06320868887123274,0.06616172114112209,0.06868938260711274,0.07075413379090575,0.07232531011051506,0.07337957729426416,0.07390127792892814,0.07388266399527382,0.07332401193750385,0.0722336185576549,0.07062767779592485,0.06853004022691987,0.06597185884365757,0.06299112638995033,0.059632111112462666,0.055944699312351465,0.05198365446056118,0.047807803879996266,0.04347916507353857,0.03906202467320875,0.03462198368944011,0.030224983239901748,0.02593632522723245,0.021819702510054433,0.01793625297064991,0.01434365152778049,0.011095253579594852,0.008239302597745676,0.005818213641111423,0.0038679434299933074,0.0024174563361046555,0.0014882942191908762
51,0.0020614305777921674,0.0033663464920676714,0.005201212956022552,0.0075387795127694794,0.010344329872089074,0.013576197498234093,0.017186384419067027,0.021121274066312257,0.025322427560195093,0.029727451612478525,0.03427092515826008,0.03888537095469356,0.04350225771696615,0.04805301790834344,0.05247006606860999,0.056687802557232825,0.06064358780419246,0.06427867259942553,0.06753907060472147,0.07037636012998733,0.07274840326633218,0.07461997169578717,0.07596326988347245,0.07675834788203789,0.07699339761762759,0.07666492825708719,0.0757778180519539,0.07434524188926953,0.07238847562519364,0.06993658010734956,0.06702596957863417,0.06369987087232758,0.06000768143024916,0.05600423567833068,0.05174899065500341,0.047305142987014534,0.04273869032687443,0.038117451190965115,0.033510057755149446,0.02898493656634693,0.024609292307997858,0.020448109711994365,0.01656318844014301,0.013012225268590551,0.00984795720611464,0.007117378272231641,0.0048610415671137205,0.0031124569986012546,0.001897593610946032,0.001234493906433421,0.0011330058877736435,0.001594636800824369,0.002612530749779961,0.004171570517275116,0.006248602077224162,0.008812778466052463,0.011826017905326091,0.015243569371990144,0.019014677216664756,0.023083334959446644,0.02738911706823936,0.031868076366489834,0.03645369374250487,0.041077866055776804,0.045671917568458495,0.050167619880748394,0.05449820522264966,0.05859935805323652,0.062410170240720694,0.06587404563750231,0.06893954061592872,0.07156112808158227,0.07369987361737429,0.0753240137167166,0.07640942751815914,0.0769399950355436,0.07690783656342967,0.07631342970227227,0.07516560226535457,0.07348140117281979,0.07128583927991544,0.06861152389942525,0.06549817253527182,0.0619920230193579,0.05814514681197849,0.054014675664299384,0.049661953128096396,0.04515162351408529,0.040550671829136,0.03592742895072408,0.031350556813226446,0.026888028677538367,0.02260611962850089,0.01856842229273266,0.014834902394897117,0.011461008178784413,0.008496846919602341,0.005986440757483034,0.003967072904167397,0.0024687339326519,0.0015136763732151374
52,0.0021230232305464985,0.0034762908424948585,0.005374036967208884,0.0077880772926579534,0.010682559781047611,0.014014497124140221,0.017734405167800286,0.02178703782422803,0.02611220755735222,0.030645679255976402,0.035320124219346875,0.04006612008706331,0.044813181862903076,0.04949080872034497,0.05402953104319706,0.05836194215123873,0.06242369938824023,0.06615447970473197,0.06949887554372405,0.07240721772415297,0.07483631310103614,0.0767500860469946,0.07812011422820701,0.0789260507177334,0.07915592617720867,0.07880632661906423,0.07788244410924833,0.07639799965743518,0.07437503943991647,0.07184360738156377,0.06884129895950036,0.06541270285515095,0.06160873874695606,0.05748590107849994,0.05310542003320193,0.04853235217633034,0.04383461426963611,0.03908197460787559,0.034345016857352494,0.02969409178499987,0.02519827244635607,0.02092432834943122,0.01693573382962789,0.013291725362808978,0.010046421816790408,0.007248020706816444,0.004938082391800906,0.003150912842070623,0.0019130541454137086,0.0012428903181651203,0.0011503742756136493,0.0016368800166189224,0.0026951822177139003,0.00430956353975088,0.0064560480534290145,0.009102757316993396,0.012210383817827805,0.015732774746642583,0.019617617434351208,0.023807216271897094,0.02823934957462798,0.03284819366553113,0.03756530045333248,0.04232061398699706,0.04704351088930306,0.05166384921752681,0.056113010174119536,0.0603249171964466,0.06423701729060768,0.06779121003510157,0.07093471045725772,0.07362083296746377,0.07580968470861169,0.07746875802350847,0.07857341324124131,0.07910724461241232,0.07906232395856755,0.07843931841726995,0.07724748053412815,0.07550451084893073,0.07323629501668043,0.07047651936767035,0.06726617061609455,0.06365292714725633,0.05969045092365037,0.05543759052615202,0.050957507166318444,0.04631673664980615,0.041584201222112385,0.036830185972193064,0.03212529499585312,0.02753940282141905,0.023140616670557897,0.018994264966191145,0.015161927109642252,0.011700518936254511,0.008661447431795925,0.006089847263358708,0.004023910463387475,0.0024943192220061726,0.0015237902115164531
53,0.0021592880561814146,0.0035438848524917627,0.005480910031539096,0.007941595929753208,0.010889397754202081,0.01428053632634195,0.018064648266997486,0.022185533966376188,0.02658199223066066,0.031188729209458383,0.035937328105198826,0.040757265262876936,0.04557695754971698,0.05032482546963361,0.05493035622368446,0.059325150928505,0.06344394043999955,0.06722555469581351,0.0706138311804359,0.07355844902088704,0.07601567632545318,0.0779490196663881,0.07932976606081504,0.08013740940061506,0.08035995499819418,0.07999409772517851,0.07904527109841586,0.07752756658428485,0.07546352431976158,0.07288379835834158,0.06982670141240713,0.06633763585328178,0.0624684194194573,0.058276515647212764,0.0538241804528591,0.049177537541115625,0.04440559637115848,0.03957922726498479,0.03477010887923454,0.030049663672060696,0.025487997174919633,0.021152856822656486,0.017108625804778767,0.013415366880708374,0.010127930359752155,0.0072951394935987564,0.004959065379456332,0.003154402142583596,0.0019079516776683153,0.0012382256013995377,0.0011551703278222655,0.0016600193495074575,0.0027452749183788914,0.00439481939826399,0.006584154635418987,0.009280765792026573,0.0124446042392031,0.016028682337849532,0.019979771273974503,0.024239191584616054,0.028743684633888784,0.03342635209646508,0.03821764949577712,0.04304641904144626,0.047840946426786525,0.0525300258913916,0.05704401773106352,0.06131588254951243,0.065282176891668,0.06888399547199808,0.07206784600435084,0.07478644364082465,0.07699941322107814,0.07867388890265106,0.07978500226690571,0.08031625165150078,0.08025974722426814,0.07961632815878725,0.07839555017142694,0.07661554360494932,0.07430274416633993,0.0714915003178054,0.06822356315175471,0.06454746632587019,0.0605178052671411,0.056194426349736745,0.05164153808861438,0.04692675754894603,0.04212010613357082,0.03729296966251509,0.0325170381889127,0.027863241296619254,0.023400694691909692,0.019195673733917406,0.015310629148390782,0.01180325954286603,0.008725654497757434,0.006123520959725681,0.004035504426515518,0.002492615004658172,0.001517766863930382
54,0.002168102678576349,0.0035654953065556534,0.005516222024399689,0.007991311680600792,0.010954005565305052,0.014360303331042292,0.018159616462389012,0.02229551958958615,0.02670658848799778,0.031327312317895546,0.03608906655646547,0.04092113217257589,0.04575174590806311,0.05050916606731866,0.05512273798664246,0.05952394335957743,0.06364741783420841,0.06743192176961008,0.07082124973429337,0.0737650652392582,0.07621964830864902,0.07814854478548844,0.07952310772935052,0.0803229228654221,0.08053611176641068,0.08015950826460351,0.07919870547409986,0.07766797272486692,0.0755900436422712,0.07299577851941465,0.06992370599654113,0.06641945085424583,0.0625350564185983,0.0583282116414556,0.053861394334954724,0.04920094328441103,0.04441607302010446,0.03957784588003714,0.034758116630036154,0.030028465315144047,0.025459134191012853,0.021117984523434795,0.01706948874905941,0.013373772965194694,0.010085723969117161,0.007254174108668899,0.004921176050304034,0.003121378235343515,0.0018815102998270467,0.001219986100232176,0.0011466302407114211,0.0016625321633177467,0.002760029968192798,0.004422824204012336,0.006626219938732947,0.009337493515535908,0.012516378547102691,0.016115663930497914,0.02008189500125794,0.024356167413523252,0.02887500195592629,0.033571287310941944,0.03837527675633598,0.043215624006238997,0.048020442808084346,0.052718374558843456,0.05723964808489165,0.06151711584622148,0.06548725117584697,0.06909109174394117,0.07227511523486975,0.07499203423204268,0.07720149850537306,0.07887069427134721,0.07997483152581443,0.08049751221189055,0.08043097375514219,0.07977620434919687,0.07854292827961881,0.07674946150401316,0.07442243963320352,0.07159642235336469,0.06831338016401817,0.06462207105458612,0.06057731637676955,0.056239186667108296,0.05167210951144918,0.04694391270084888,0.042124816889438,0.037286392714767365,0.032500497868917205,0.02783820990642721,0.023368770638412577,0.019158557790161353,0.01527009919460354,0.011761144162329217,0.00868380581966412,0.00608378715234667,0.003999702249191118,0.002462502826258653,0.001495018548500487
55,0.00214791499283124,0.003538447338759023,0.00547585335008424,0.00793135970731906,0.01086849854130817,0.01424364903454797,0.018006685254273187,0.02210172059604396,0.026467937781749752,0.03104049208534808,0.03575147437210663,0.040530919648809345,0.04530784614647368,0.050011309503677874,0.05457145639433244,0.0589205619519767,0.06299403558333039,0.06673138023329164,0.0700770908548953,0.0729814787406286,0.07540140947258217,0.07730094353178951,0.07865187005277163,0.0794341257962459,0.07963609311764173,0.07925477250615418,0.07829582713187644,0.07677349873942176,0.07471039613713784,0.07213715942315851,0.06909200493502832,0.06562015768106491,0.06177317968268649,0.05760820420280445,0.05318708723311148,0.04857548884192506,0.04384189802591611,0.03905661554810433,0.034290709868465885,0.029614961673118605,0.025098812677367778,0.020809334314434654,0.016810231626345123,0.013160897150666023,0.009915528854252726,0.007122325213987781,0.004822769398740386,0.0030510131834951644,0.0018333697454273126,0.0011879228746463555,0.0011242584034027038,0.00164332184242592,0.0027374043387041027,0.004390257163252491,0.0065773330285590625,0.00926615065179068,0.012416777149459572,0.015982421099285493,0.01991012746141136,0.024141564038377743,0.028613887793768215,0.03326067816342921,0.03801292349821823,0.04280004598816469,0.047550949846414406,0.05219507718588996,0.05666345590735106,0.06088972403618163,0.06481111529499659,0.0683693912748788,0.07151170636112625,0.07419139256810252,0.07636865262723808,0.0780111510348111,0.07909449428158125,0.07960259313216249,0.07952790157375539,0.07887152888549943,0.0776432231640516,0.07586122655006078,0.0735520043056355,0.07074985176640458,0.06749638500550607,0.0638399227738923,0.059834768896043514,0.05554040577856561,0.051020611009250025,0.04634251016640071,0.041575579905586905,0.036790616129458865,0.032058682564806,0.027450055362035434,0.02303317939131437,0.018873651735908707,0.01503324747933067,0.011569002254789245,0.008532365182421162,0.0059684347744332405,0.003915289156083618,0.0024034205496974055,0.0014552824204653542
56,0.002097853523233046,0.003461210786009299,0.005357462212891342,0.0077584456903025765,0.010628503093783121,0.0139250098634132,0.017599008041014143,0.021595933367600597,0.025856425642615907,0.030317210309933118,0.034912038177771984,0.03957266931631873,0.04422988652072288,0.04881452328806032,0.05325849104129985,0.05749579034448893,0.0614634910911329,0.06510266710853001,0.06835927129782292,0.071184938312648,0.07353770285543287,0.07538262292358526,0.07669229874945697,0.07744727972706085,0.07763635328208417,0.07725671139505463,0.07631399230454629,0.07482219677107083,0.07280348014525925,0.07028782332842526,0.0673125875122292,0.0639219593102104,0.06016629452179923,0.056101370274874746,0.05178755665364601,0.04728892011440006,0.042672272004705455,0.03800617631695616,0.03335993141256915,0.028802540839728132,0.024401688529533,0.020222733590400572,0.016327739629486963,0.012774553017137992,0.009615943783486673,0.006898821906145531,0.004663540628269167,0.002943297153736352,0.001763639620005486,0.0011420876708196955,0.0010878722638139656,0.0016017985772616803,0.002676234051996715,0.004295221746106579,0.006434717318912244,0.009062946124676483,0.012140875112673592,0.015622792525215836,0.019456986784267147,0.023586514484186638,0.027950046084779565,0.032482776744879406,0.03711738876924112,0.04178505137500342,0.046416442929719276,0.05094278047922282,0.05529684127533354,0.059413961132215885,0.06323299478433356,0.06669722398328429,0.06975519984693455,0.07236150695074406,0.07447743781339844,0.07607156775965165,0.07712022162282166,0.07760782535572326,0.07752713732810018,0.0768793558754506,0.07567410150198796,0.0739292740020506,0.07167078662191367,0.06893218121009456,0.06575413007172969,0.062183831925218126,0.05827431093206059,0.054083629210328325,0.04967402452709002,0.045110985976333645,0.040462281369910605,0.03579695078618571,0.031184281223659967,0.026692777587468998,0.02238914529111416,0.01833729958328284,0.014597416312705003,0.011225038228584673,0.008270250089346915,0.005776934830551782,0.0037821218389707074,0.0023154370119061922,0.0013986627691870437
57,0.002017831864341899,0.0033335764464982854,0.005160756165622764,0.007472234724257426,0.010233683277199639,0.013404090265179712,0.016936370496637633,0.020778064431845496,0.02487211728397646,0.029157726366332078,0.033571244101374624,0.03804712328056138,0.04251889053648307,0.04692013356981851,0.05118548746933997,0.05525160547666897,0.059058099778504576,0.06254843835417766,0.06567078455903481,0.0683787669746023,0.07063216809213127,0.0723975216015604,0.07364860941528237,0.07436685104517998,0.07454157955011345,0.07417019995563408,0.07325822779315906,0.07181920718624413,0.06987450970049322,0.06745301694447875,0.06459069163551429,0.06133004350058094,0.057719497944563256,0.05381267686199577,0.049667602273318984,0.04534583461281669,0.04091155846591988,0.03643062933401932,0.031969595583725155,0.027594710106064888,0.023370946363924172,0.019361033440873955,0.015624524422317473,0.012216911944869022,0.009188804049347977,0.006585172577181843,0.004444685272632463,0.0027991315101075836,0.0016729501753478362,0.0010828667121460063,0.0010376447249876987,0.0015379558266772884,0.002576369663903039,0.00413746426887687,0.0061980550981641696,0.008727539357142601,0.011688350496364854,0.015036516129891203,0.018722311089682885,0.022690995917245042,0.02688362982483166,0.03123794605255181,0.03568927662103529,0.040171512745729526,0.04461808664926494,0.04896296019053667,0.05314160562791107,0.057091963950787174,0.06075536654687959,0.06407740651712172,0.06700874669787452,0.06950585239013549,0.07153163791364003,0.07305601738358077,0.07405635153010244,0.07451778392464838,0.0744334616197038,0.07380463692511291,0.07264064880944165,0.07095878420260406,0.0687840212596098,0.06614865839834541,0.06309183462071889,0.059658948241104195,0.05590098265481912,0.051873749159964025,0.04763705807782488,0.043253830481923494,0.03878916372783048,0.03430936466200565,0.02988096486792171,0.02556973257451508,0.021439695901570605,0.01755219194827838,0.013964955847389986,0.010731263313860127,0.007899139422375846,0.0055106453645933865,0.0036012537787821807,0.0021993219291420556,0.0013256705588597744
58,0.0019086436958974855,0.003156816291274847,0.004887738781842439,0.007075704431098656,0.00968821874161395,0.012686482045954912,0.016025965738624696,0.019657073591134368,0.02352587832870247,0.02757492252934352,0.03174407195081523,0.0359714086122732,0.04019415036705747,0.044349583309607934,0.048375993168900386,0.052213581855843544,0.05580535555256616,0.0590979711541635,0.0620425284920073,0.06459529657293582,0.06671836304861242,0.06838019726947675,0.06955611856111495,0.07022866276845625,0.07038784162407784,0.07003129108861894,0.06916430646023103,0.06779976373163732,0.06595792836276478,0.06366615430895527,0.060958477774628095,0.05787511172574736,0.05446184866832575,0.050769380562579264,0.04685254597300311,0.04276951563529666,0.03858092853566057,0.03434899133295589,0.030136554498624242,0.02600617889505027,0.022019206655040174,0.018234850161224017,0.014709312655367238,0.011494953537838198,0.008639510753753778,0.006185391814511137,0.004169043984074191,0.002620412983672759,0.001562498253942037,0.0010110113795119044,0.000974142748942455,0.0014524399154467703,0.0024387994649228504,0.00391857251206681,0.005869782257794493,0.008263450376926091,0.011064027388796275,0.01422992061915828,0.01771411191237005,0.021464855919934578,0.025426448594782124,0.029540054478032277,0.03374458049180943,0.037977583261011666,0.0421761964889723,0.04627806461412688,0.05022226888151489,0.05395023207559825,0.05740658847778346,0.06054000612851125,0.06330394918210602,0.06565736903230623,0.06756531394424407,0.06899944813894715,0.06993847262119633,0.07036844150082873,0.07028296910965132,0.06968332483797483,0.06857841428230671,0.06698464698418777,0.06492569272444337,0.06243212999223925,0.05954099184968918,0.05629521593659256,0.052743006783537175,0.04893711990395279,0.0449340782973965,0.04079333300014963,0.03657638015017094,0.032345847679297796,0.02816456519664526,0.02409463087680324,0.0201964892109085,0.01652803331734043,0.01314374514404126,0.010093886331721121,0.007423751754808508,0.005172996826163429,0.0033750485560632695,0.002056609112094663,0.001237259252821034
59,0.0017720447426124667,0.002933821474536932,0.004542921986701927,0.006575448777575038,0.009001215844645683,0.01178419699081538,0.01488306086623784,0.018251784799456737,0.02184033830154455,0.025595426092208447,0.029461279612831803,0.03338048527132685,0.037294837118144915,0.04114620128995599,0.044877379382743485,0.04843295793195582,0.05176013138369132,0.05480948633458497,0.05753573539328934,0.05989838976462587,0.0618623605675504,0.06339847995647571,0.06448393430653912,0.06510260302937594,0.0652452979874892,0.06490989995156136,0.06410139007411654,0.06283177591210294,0.061119913097069434,0.05899122530139472,0.056477326659481894,0.05361555225151596,0.050448403622790766,0.047022917573454545,0.04338996759307155,0.039603508314722355,0.03571977420960569,0.03179644442270215,0.027891786152913108,0.024063789299739076,0.02036930522825833,0.016863202443013217,0.01359755171027948,0.010620852730852918,0.007977313848391971,0.0057061954907054666,0.0038412270948440163,0.0024101061755131023,0.0014340869763752896,0.0009276648133730505,0.0008983607980373113,0.0013466101379552733,0.0022657556732995914,0.0036421467454113717,0.00545534192909274,0.0076784126177383664,0.010278342952619965,0.013216520156790253,0.016449307991425775,0.01992869481794458,0.023603006641222668,0.027417674544176575,0.031316045116178456,0.03524022183925791,0.03913192493626938,0.04293335691102051,0.046588060925820955,0.0500417592682883,0.05324315945494541,0.05614471599979709,0.05870333653449629,0.060881021793188064,0.06264542995731383,0.06397035697902975,0.06483612574973231,0.0652298783339673,0.06514576692862112,0.06458504071136972,0.0635560272885588,0.0620740090180417,0.06016099604376089,0.057845399412844306,0.05516160912990494,0.05214948341505683,0.04885375675091469,0.045323375509946924,0.04161077102908839,0.03777108092752551,0.03386133023221702,0.029939584472647787,0.02606408732259148,0.022292395596170404,0.018680524444788064,0.015282115450013322,0.012147639967455041,0.009323649553142655,0.006852084604673204,0.004769651484823057,0.003107277378250695,0.0018896509774638907,0.0011348558195437917
60,0.0016108180169652811,0.002669211932887095,0.004133494494010311,0.005981918957677292,0.008187033510828834,0.010716088969672733,0.01353152515307229,0.016591528706300145,0.019850654090652974,0.02326049851632492,0.026770420794793193,0.03032829343470804,0.03388127681155762,0.03737660391355393,0.04076236400911423,0.043988273597325475,0.047006423191648564,0.049771988846027286,0.052243897856199976,0.05438543874956904,0.05616480650438844,0.057555574900961776,0.05853708898974604,0.05909477184763198,0.059220341066621926,0.058911931759730515,0.05817412425729039,0.057017876082331914,0.05546035921530265,0.05352470506498372,0.051239660933159,0.04863916307504012,0.04576183269612659,0.04265040237068599,0.039351081400379864,0.03591286953839201,0.03238682927126063,0.028825327466096253,0.025281257645834873,0.021807254442882097,0.018454911897658917,0.01527401721146632,0.012311811333556993,0.00961228736378517,0.007215537190579827,0.005157156067627326,0.0034677139721716113,0.0021723015960371577,0.0012901577120725495,0.0008343834501695787,0.000811747726278479,0.0012225867140828392,0.0020607988523274464,0.003313935461947965,0.0049633856272044575,0.00698465259506391,0.009347717587894178,0.012017485626319876,0.01495430674111431,0.018114564833369682,0.0214513254375057,0.024915032766890166,0.028454245689917834,0.0320164017062274,0.035548597576888004,0.03899837501505292,0.04231449976842252,0.04544772252300076,0.04835151032760503,0.05098273767641065,0.05330232698593205,0.0552758289544258,0.0568739341845236,0.05807290847075061,0.05885494528727082,0.05920843024089996,0.0591281135618709,0.05861518807061075,0.05767727146260881,0.0563282931744714,0.0545882875113672,0.05248309610822606,0.05004398414357629,0.04730717600580912,0.04431331730790656,0.041106871240502565,0.0377354582283186,0.034249148697047586,0.03069971945412668,0.027139884727244837,0.023622513280781958,0.020199843237152928,0.016922706264109147,0.013839772649953834,0.010996828478409637,0.008436095638155092,0.006195604765879256,0.004308630435574536,0.0028031969823337916,0.0017016622998892658,0.0010203857931152967
61,0.0014288187463751458,0.002369411471617572,0.003669436959293093,0.005309587925084149,0.007265505722702085,0.009508142105494543,0.012004190635492025,0.014716581332839575,0.017605031219341045,0.02062664257974059,0.023736540055680926,0.02688853711056259,0.030035821967321435,0.0331316528319432,0.03613005207762804,0.03898648907995111,0.0416585415619172,0.04410652562696388,0.046294085123002794,0.04818873158457511,0.049762326734191925,0.050991500377004964,0.05185799748246096,0.05234894929826697,0.05245706447022731,0.052180737329542495,0.051524071739344805,0.050496820146314514,0.04911423874254972,0.04739686088874825,0.0453701921636996,0.043064331569048764,0.04051352451499716,0.037755654225757926,0.03483167911813915,0.03178502450901011,0.028660937685684604,0.02550581591737252,0.022366517387713128,0.019289665282055488,0.01632095536480587,0.013504477330337829,0.010882060006394436,0.008492650134676545,0.0063717339546325675,0.004550810180780248,0.0030569222006190714,0.0019122564406808095,0.0011338128655703395,0.0007331525035692574,0.0007162257484177728,0.0010832839872443895,0.0018288758670984048,0.0029419282555330434,0.004405910692855194,0.006199080893685673,0.008294807651770549,0.010661966352435843,0.01326540121874317,0.016066447426315994,0.019023505332662987,0.02209265829285483,0.02522832488608195,0.028383935866575893,0.031512625785179,0.034567929009968704,0.037504469809009684,0.04027863624649425,0.04284922788392207,0.04517806766701357,0.047230568910931504,0.04897624896325532,0.05038918191605676,0.05144838364363971,0.05213812344756934,0.05244815768060496,0.0523738818798786,0.05191639914991869,0.05108250377993066,0.0498845803386421,0.04834041974530096,0.046472955048443995,0.044309920836505964,0.041883441338522835,0.039229553332236815,0.03638767094511737,0.03340000029678674,0.03031091267627164,0.027166285563310855,0.024012821280527116,0.020897353395470046,0.01786615117348065,0.014964232411270668,0.012234694856645901,0.009718076143769575,0.007451751749868765,0.00546937991460404,0.003800401765868051,0.0024696040758768697,0.0014967511412640549,0.0008962912543023489
62,0.00123099555347565,0.0020426825203864593,0.0031635748902342853,0.004577025768108838,0.006262043336367321,0.008193602613900643,0.010343017113788683,0.012678364879685947,0.015164962573669895,0.01776588057465523,0.020442491437404692,0.023155043566718984,0.025863251586900914,0.028526894638642095,0.031106413717747416,0.03356349918434029,0.035861659717176836,0.03796676426326149,0.039847548934020725,0.04147608131988027,0.04282817532749639,0.043883750378698204,0.044627129636511845,0.04504727282917152,0.04513794021434009,0.04489778524843018,0.04433037458475064,0.043444135103475987,0.04225222876012228,0.040772357111212285,0.03902649842021093,0.03704058124809261,0.0348440993762,0.03246967378035356,0.029952568161538063,0.027330165228247053,0.024641411508459027,0.02192623893660183,0.019224971805785897,0.016577727892937322,0.014023822650997459,0.011601185316811528,0.009345795606356528,0.00729114936321382,0.005467761096187002,0.003902710794112259,0.0026192417483249866,0.0016364153557092344,0.0009688280290100695,0.0006263944187059293,0.0006142001659144275,0.000932426373166212,0.0015763469147667922,0.002536398626691718,0.00379832333359167,0.005343379603599034,0.0071486210860654195,0.009187237298508564,0.011428951801580533,0.013840471848577602,0.016385982831534883,0.01902768018065946,0.021726330817612192,0.024441855824236768,0.027133925673249563,0.029762559180842536,0.03228871728587473,0.03467488283716174,0.03688561777816919,0.038888089454105934,0.04065255822497872,0.04215281914284475,0.04336659113370469,0.04427584790411543,0.04486708565807415,0.04513152364818529,0.04506523458263201,0.04466920295121696,0.043949310404245406,0.04291624840139602,0.04158535942787056,0.03997640913599722,0.038113292796316964,0.03602368041778587,0.033738605807578065,0.03129200567355412,0.028720215614397644,0.026061430482708835,0.023355137135447887,0.0206415279962235,0.01796090413887976,0.015353076757468697,0.012856775911655753,0.010509075328555986,0.008344841803535976,0.006396217377189554,0.004692141978913816,0.003257923626532093,0.002114862565128793,0.0012799349271827728,0.0007655406121140148
63,0.0010233847353540917,0.0016991152111876062,0.0026315610721721547,0.0038068741303149372,0.005207599263704091,0.006812933650658466,0.008599035722125824,0.01053937924393545,0.012605147270262195,0.014765660117517947,0.016988831002628352,0.019241642578801,0.02149063729152834,0.023702414272320255,0.025844125390566852,0.027883963096432852,0.02979163280960257,0.03153880283820859,0.033099525145990696,0.034450620718673365,0.03557202380630844,0.03644707992907753,0.03706279322073318,0.037410019436264166,0.03748360175733932,0.03728244737861966,0.0368095437375197,0.036071914146382236,0.03508051348599401,0.03385006550954624,0.0323988441733149,0.030748402241620378,0.02892325119668134,0.026950497207170323,0.024859438561871082,0.022681130547139404,0.020447924230374028,0.01819298599923949,0.015949804992187108,0.013751695735654941,0.0116313033745107,0.009620118843793764,0.0077480111821635386,0.006042783932888292,0.004529762220467578,0.0032314166354071045,0.0021670295130079,0.0013524085624195656,0.000799652098985385,0.0005169693665233085,0.0005085586180207447,0.0007745447654230621,0.001310977524508001,0.0021098900823975824,0.0031594174164084744,0.004443972507033082,0.005944477828029265,0.007638648675653045,0.009501324129177879,0.01150484072745362,0.013619443311858338,0.01581372693402541,0.01805510326536553,0.020310284581520767,0.022545778133870674,0.024728383565949374,0.026825685987410496,0.02880653738266917,0.030641519204595027,0.032303379283065925,0.03376743655964454,0.03501194763747888,0.03601842970262105,0.03677193502091003,0.037261272933737204,0.037479176055732116,0.03742240820608911,0.03709181247059658,0.036492298680576886,0.035632770494693766,0.03452599316656808,0.03318840396204813,0.03163986804171479,0.029903383434124742,0.02800473948137153,0.025972133829548622,0.02383575365236682,0.02162732732737193,0.01937965322302285,0.017126112594839336,0.014900173824820222,0.012734895366906496,0.01066243478047694,0.008713571143448728,0.0069172479378479725,0.005300143196671835,0.0038862732959877655,0.002696636276541255,0.0017488999920685327,0.0010571397157667054,0.0006316291018532635
64,0.000813074877907157,0.0013505660939481558,0.0020917802760047816,0.0030257093068602223,0.00413848297127466,0.0054135749490154565,0.006832048254939637,0.008372836480985236,0.010013056663213693,0.011728349127371035,0.013493239265761034,0.015281515872515531,0.017066620418426895,0.018822041484041072,0.020521708493102198,0.022140378898829114,0.02365401307274065,0.025040131328379955,0.026278147777614006,0.02734967606125063,0.028238802413427074,0.028932322004362195,0.02941993505143715,0.029694399786066538,0.02975164000457829,0.02959080560581383,0.029214285216376642,0.028627670716025316,0.02783967419006169,0.026861998542092126,0.02570916368875272,0.024398290917661047,0.022948848611195474,0.021382363112476543,0.01972209902761382,0.01799271371219967,0.01621989107343132,0.014429960126436681,0.012649503969801135,0.010904964987583553,0.00922225214114818,0.007626356183106666,0.006140978508004924,0.004788179151868572,0.0035880491683279317,0.002558412247018371,0.0017145600056597498,0.0010690248871160584,0.0006313940342463969,0.0004081669067787319,0.00040265875480492296,0.0006149513824567016,0.001041891932994327,0.0016771397133513355,0.0025112603627218547,0.0035318659666494397,0.004723799035717009,0.006069357616485841,0.007548558191454667,0.00913943246359058,0.01081835361774481,0.012560387213494981,0.014339661498138572,0.01612975164014852,0.017904072176659923,0.019636271846567625,0.021300624945384285,0.022872413389666058,0.024328293816787267,0.025646644268097825,0.026807885306705755,0.027794770800818828,0.028592644054084185,0.029189655479015825,0.02957693858074014,0.02974874163744297,0.02970251312187055,0.029438939595249722,0.028961935510847175,0.028278585078600108,0.027399037054212844,0.026336354015257094,0.02510631836274512,0.02372719792933794,0.022219474675249803,0.02060554050111274,0.018909364695425392,0.017156137955481102,0.015371898268582363,0.01358314420975906,0.011816441399082098,0.010098027963260462,0.008453424860994745,0.00690705685932705,0.005481889790043466,0.004199089473405222,0.003077707374688103,0.0021343976619939515,0.0013831698674400498,0.0008351808250685707,0.0004985689755057875
65,0.0006081395454358368,0.001010542660382857,0.0015651703206542732,0.0022637854924159348,0.00309601271620358,0.004049492197706412,0.005110063368831654,0.006261975192900388,0.007488120090632745,0.008770288012780115,0.010089436886051855,0.011425975415819488,0.012760054045562574,0.014071859751882111,0.01534191029694389,0.01655134356827102,0.0176821977087661,0.01871767787662064,0.01964240567333748,0.02044264753549269,0.021106518698285955,0.02162415970172056,0.021987882818038477,0.022192286225747575,0.022234334234589807,0.022113402369991864,0.02183128664742806,0.021392176898957567,0.020802594548076116,0.020071295757016726,0.019209141384904108,0.01822893568807464,0.017145236158098973,0.015974137321691104,0.014733031713392004,0.013440351570934532,0.012115295089491645,0.010777541300333779,0.009446957808364825,0.008143305729064049,0.006885946206951181,0.005693552874207492,0.004583834519862029,0.0035732720883139835,0.002676873913147286,0.0019079528213748463,0.0012779284184408486,0.0007961574903389855,0.00046979504162345323,0.00030368803310206057,0.0003003033973627334,0.00045969140120806067,0.0007794848991195372,0.0012549344888388065,0.0018789790469536853,0.002642350596932519,0.003533711952162202,0.004539825089789913,0.005645747754769012,0.006835055374251972,0.008090084986575059,0.009392197562133255,0.01072205482029415,0.012059906431215283,0.013385883337196028,0.014680292837312352,0.015923911052894778,0.017098268430308983,0.018185924040902746,0.019170724604365596,0.02003804438862127,0.020775002423390566,0.021370653801483314,0.021816152226715263,0.022104881394375046,0.022232553253048536,0.022197271688468644,0.021999560683591844,0.02164235653668307,0.02113096425298207,0.02047297875759822,0.019678172099738805,0.018758348323452467,0.017727168160270437,0.01659994614731681,0.015393423183981361,0.01412551790502122,0.012815060562566986,0.011481513369272556,0.010144681455926615,0.008824418736225928,0.00754033304705132,0.006311494943345113,0.005156154472413018,0.004091470133966928,0.003133254051250628,0.0022957371378285974,0.0015913577476572842,0.0010305769472947466,0.000621723153725871,0.00037086844516117686
66,0.0004175364007839357,0.0006940308907270666,0.0010749551560334867,0.001554651912931877,0.002125996961351136,0.0027805049897355865,0.0035084555943607583,0.004299037641578988,0.005140509829002864,0.00602037506105856,0.0069255660491754495,0.007842639380178148,0.008757975170680058,0.009657979342318164,0.010529285513745615,0.011358953510989674,0.012134661548005516,0.012844889223262356,0.013479088614595307,0.014027840931312433,0.014482996397044572,0.014837795285871728,0.015086968314162853,0.015226814897162412,0.01525525810809903,0.015171875523592799,0.014977905497261763,0.01467622876835524,0.014271325678552875,0.013769209632322511,0.01317733778904831,0.012504500313281658,0.011760689827911362,0.01095695300906473,0.010105226526772544,0.009218159767920179,0.008308926974308486,0.007391031585849776,0.006478105694688966,0.005583707588650998,0.004721120390790043,0.0039031547855395074,0.003141958761267516,0.0024488371948410566,0.00183408395763155,0.0013068290364342875,0.0008749029397799926,0.000544720403403765,0.0003211851220154446,0.0002076169222443389,0.00020570245834700997,0.0003154701629189297,0.0005352898246287224,0.0008618967992463649,0.0012904404943958777,0.0018145564079631285,0.0024264606502823654,0.0031170655463090796,0.003876114600916667,0.004692334822885183,0.005553604145346795,0.006447131456249938,0.007359646565124671,0.008277597284865261,0.009187350701576055,0.010075395643328568,0.010928543340871831,0.011734123300190613,0.012480171477915868,0.013155607964908592,0.013750401539153072,0.01425571864410976,0.014664054579979702,0.014969344959498431,0.015167055772977134,0.015254250724993383,0.015229634842682712,0.015093573707984115,0.014848088028212234,0.014496823625591534,0.014044997291451337,0.013499319309226987,0.012867893796913533,0.01216009834903295,0.01138644476560803,0.01055842293652188,0.009688330199808835,0.008789088708157417,0.00787405351599844,0.006956814237368872,0.0060509932202209085,0.005170043234584657,0.004327047679211575,0.003534526273922904,0.0028042491234163023,0.002147061913956662,0.0015727248390349858,0.0010897676461867566,0.0007053629577367835,0.0004252197468422916,0.00025349855087251693
67,0.00025097183197931845,0.00041726426098155693,0.0006462875007815098,0.0009346402205221552,0.0012780399595928335,0.0016713867284474462,0.002108838750925631,0.0025838992231928914,0.0030895128008016494,0.0036181703808995025,0.00416202062341469,0.004712986554966301,0.005262885523759717,0.005803550723961399,0.00632695248473803,0.006825317522639786,0.007291244386255203,0.007717813378614949,0.00809868932483621,0.008428215658756861,0.008701498431235574,0.008914478992470916,0.00906399426890097,0.0091478237394827,0.009164722413684715,0.00911443932142181,0.008997721240328651,0.008816301605017129,0.008572874763031172,0.008271055959835833,0.007915327647122229,0.007510972911828644,0.007063997014554587,0.0065810382026372655,0.0060692691224469054,0.005536290295073186,0.004990017237444775,0.004438562905298893,0.0038901172038949498,0.0033528253559152953,0.0028346669329673982,0.0023433373472476833,0.0018861335633888017,0.0014698457278377068,0.001100656325226558,0.0007840483594124835,0.0005247239228322349,0.0003265343635363276,0.0001924230870244313,0.0001243818423586602,0.0001234211417701548,0.00018955525307103876,0.00032180198775647246,0.0005181972879438621,0.0007758243955116694,0.001090857170233514,0.0014586169135695243,0.0018736418541987132,0.002329768263329883,0.0028202219951102597,0.003337719092622091,0.003874573965321274,0.004422813531323797,0.0049742956293602454,0.005520829941806983,0.006054299632909786,0.00656678189569398,0.007050665617262915,0.007498764414981995,0.007904423364796367,0.008261617836608882,0.008565042968869245,0.008810192453544871,0.00899342546140139,0.009112020713654185,0.009164216896947734,0.009149238821440989,0.009067308933512954,0.008919644012107824,0.008708437097783945,0.008436824922846432,0.008108841326274124,0.007729357345297124,0.007304008873353045,0.006839112958807294,0.006341573987524132,0.0058187811426146825,0.005278498664235588,0.004728750539239938,0.004177701333209755,0.0036335349346877724,0.0031043330124350893,0.002597954990802415,0.0021219213257566505,0.0016833018150847197,0.0012886106015324373,0.0009437094282348183,0.0006537205832372957,0.00042295082600918917,0.0002548274257516801,0.0001518472614260009
68,0.00011873097832162507,0.00019743403488178333,0.00030580068864129905,0.00044222153592731156,0.0006046705271658804,0.0007907350566883669,0.0009976517934624134,0.0012223477206088672,0.0014614857742073807,0.0017115144035878016,0.001968720317064086,0.0022292836297595543,0.0024893345944972207,0.002745011073218346,0.0029925158953945036,0.003228173251576526,0.0034484832845535648,0.003650174067363358,0.0038302501962043244,0.00398603727657318,0.004115221641944,0.004215884715107896,0.00428653150185723,0.00432611279384122,0.004334040750848087,0.004310197631093963,0.004254937539860997,0.004169081170514795,0.004053903616004813,0.003911115431864783,0.003742837231955385,0.0035515681942395938,0.0033401489443261735,0.003111719368015078,0.00286967197939022,0.0026176015370119672,0.002359251656482638,0.002098459212266718,0.001839097354480168,0.001585017986933286,0.0013399945607121895,0.0011076660328984303,0.0008914828227215542,0.0006946555677753377,0.0005201074413427181,0.00037043073898720784,0.0002478483791634772,0.00015418088961954873,9.081936989085391e-05,5.8704831432775864e-05,5.831422222104209e-05,8.965334337507919e-05,0.00015225676300287573,0.0002451947285469128,0.0003670869749726341,0.0005161232237276925,0.0006900900680322568,0.0008864038452145891,0.0011021490078892881,0.001334121424110185,0.0015788759634268975,0.0018327776621226374,0.0020920557077541593,0.0023528594412445514,0.002611315544815552,0.0028635855664348084,0.0031059229264556783,0.0033347285598175004,0.003546604367437798,0.003738403682965419,0.003907278005388693,0.004050719303451397,0.004166597263593645,0.004253190928231279,0.004309214254498894,0.004333835213871725,0.00432668814900898,0.004287879204301404,0.004217984749471464,0.00411804281963804,0.003989537698973116,0.00383437787690592,0.0036548677042570546,0.0034536731702506573,0.003233782308666099,0.00299846082115595,0.0027512035767888795,0.002495682708120693,0.0022356930746423665,0.0019750959035535294,0.0017177614448779643,0.0014675114925770047,0.0012280626253065,0.001002971009775317,0.0007955795864563397,0.0006089684220198554,0.0004459089658280308,0.00030882288984898523,0.0001997461232779939,0.00012029861600417389,7.16602799798798e-05
69,3.147394954774179e-05,5.2342193602712395e-05,8.1071716035164e-05,0.0001172358413197553,0.00016029747917972555,0.00020961710116488422,0.00026446223858662363,0.00032401836075175716,0.0003874009719373894,0.0004536687474490813,0.0005218375136725158,0.0005908948644944756,0.0006598151970178042,0.0007275749432679398,0.0007931677716778888,0.0008556195325872656,0.0009140027257928509,0.0009674502752862987,0.001015168406604009,0.00105644843554156,0.001090677293153081,0.0011173466307238397,0.0011360603694939024,0.0011465405830083616,0.0011486316247326287,0.0011423024396316492,0.0011276470253827019,0.0011048830363720886,0.0010743485512084204,0.001036497051759658,0.000991890688282575,0.0009411919306673323,0.0008851537297884372,0.0008246083350804455,0.0007604549344137721,0.0006936462998366239,0.0006251746375133283,0.0005560568520082342,0.0004873194437621382,0.0004199832640559212,0.00035504835387244866,0.0002934790918219474,0.0002361898717058463,0.00018403152242835305,0.00013777867193990933,9.81182428765327e-05,6.563925075164433e-05,4.082405621220996e-05,2.4041201275994033e-05,1.5539935942312166e-05,1.5446516464148162e-05,2.3762330257705624e-05,4.036387529724084e-05,6.50045943012021e-05,9.73185364693066e-05,0.0001368257923884125,0.00018293962139083442,0.00023497516551343142,0.00029215962064234026,0.00035364371378700455,0.0004185143160290914,0.00048580800382559144,0.0005545253672607838,0.0006236458527486186,0.0006921429197495912,0.000758999286402653,0.0008232220376521703,0.0008838573714921218,0.0009400047643241169,0.000990830345053037,0.0010355792792952098,0.0010735869797756045,0.0011042889764231393,0.0011272292995787477,0.001142067251813261,0.0011485824677836926,0.0011466781869816332,0.0011363826907686528,0.0011178488823566164,0.0010913520159708439,0.0010572856089213277,0.001016155597293801,0.0009685728220571598,0.0009152439571795891,0.0008569610144841569,0.0007945895811121645,0.0007290559642851349,0.0006613334342846579,0.0005924277699618492,0.0005233623214469905,0.0004551628118998543,0.0003888421040170833,0.00032538515753629806,0.0002657344011400546,0.0002107757360082999,0.00016132537888715917,0.00011811774007365947,8.179451634618431e-05,5.289516082661445e-05,3.184887131060523e-05,1.8968216051142477e-05
70,2.475426342810839e-34,4.1168482359395985e-34,6.376503773906852e-34,9.220833759339256e-34,1.2607595722190794e-33,1.6486491282350843e-33,2.0799913154324557e-33,2.5483800699875823e-33,3.0468591322415877e-33,3.568025357354223e-33,4.10413866285752e-33,4.64723698022747e-33,5.189254503273907e-33,5.7221414771867605e-33,6.237983749195916e-33,6.729120305341886e-33,7.188257047764172e-33,7.608575122747413e-33,7.983832190695625e-33,8.30845513402627e-33,8.577622826136599e-33,8.787337732201325e-33,8.934485278425234e-33,9.016880108029922e-33,9.03329853700568e-33,8.983496727612947e-33,8.868214309730215e-33,8.689163396266022e-33,8.449003155772344e-33,8.151300319893263e-33,7.80047621217128e-33,7.401741084911031e-33,6.961016739294439e-33,6.484848577951876e-33,5.9803083961375026e-33,5.454889355202613e-33,4.916394698164677e-33,4.372821860109086e-33,3.832243694553808e-33,3.302688579740101e-33,2.7920211854459415e-33,2.3078256711104647e-33,1.8572930499477794e-33,1.4471143918589384e-33,1.0833814512347855e-33,7.714961954728185e-34,5.160905778420653e-34,3.2095774618668693e-34,1.8899570911975667e-34,1.2216429634686517e-34,1.214560523219409e-34,1.8688149550703924e-34,3.174689621577412e-34,5.112790369542407e-34,7.654333561619714e-34,1.0761573555527762e-33,1.4388363282170763e-33,1.848083959726723e-33,2.2978223228004262e-33,2.781372143434185e-33,3.291551997911845e-33,3.820784967475373e-33,4.361211166675965e-33,4.904804474195539e-33,5.44349173251453e-33,5.969272646136221e-33,6.474338597703216e-33,6.95118861741268e-33,7.392740783413979e-33,7.792437398730563e-33,8.144342382673314e-33,8.443229430341145e-33,8.684659630910456e-33,8.865047391968288e-33,8.981713690816106e-33,9.032925861884265e-33,9.017923329355827e-33,8.936928902832415e-33,8.791145468284993e-33,8.582738123433823e-33,8.31480202287321e-33,7.991316410488401e-33,7.617085521850313e-33,7.197667234274338e-33,6.73929052419442e-33,6.248762957731409e-33,5.733369588356191e-33,5.200764763166161e-33,4.65885844460918e-33,4.11569873594564e-33,3.5793523551164465e-33,3.0577848321558836e-33,2.5587422093932138e-33,2.0896360013684907e-33,1.657433122976283e-33,1.2685524205663287e-33,9.28769342665021e-34,6.431301660980766e-34,4.158770513820452e-34,2.503850404214389e-34,1.491119321888371e-34
